2024/10/22-18:34:26.738541 7f4367f4acc0 RocksDB version: 6.17.0
2024/10/22-18:34:26.738647 7f4367f4acc0 Git sha 0
2024/10/22-18:34:26.738700 7f4367f4acc0 DB SUMMARY
2024/10/22-18:34:26.738701 7f4367f4acc0 DB Session ID:  E27H75Y0QOQLRETD83ES
2024/10/22-18:34:26.738731 7f4367f4acc0 CURRENT file:  CURRENT
2024/10/22-18:34:26.738732 7f4367f4acc0 IDENTITY file:  IDENTITY
2024/10/22-18:34:26.738734 7f4367f4acc0 MANIFEST file:  MANIFEST-001209 size: 10387 Bytes
2024/10/22-18:34:26.738735 7f4367f4acc0 SST files in /home/humaid/ic-projects/opend/.dfx/state/replicated_state/node-100/ic_consensus_pool/consensus dir, Total Num: 12, files: 001227.sst 001229.sst 001231.sst 001233.sst 001235.sst 001237.sst 001239.sst 001241.sst 001243.sst 
2024/10/22-18:34:26.738736 7f4367f4acc0 Write Ahead Log file in /home/humaid/ic-projects/opend/.dfx/state/replicated_state/node-100/ic_consensus_pool/consensus: 001225.log size: 15960986 ; 
2024/10/22-18:34:26.738737 7f4367f4acc0                         Options.error_if_exists: 0
2024/10/22-18:34:26.738737 7f4367f4acc0                       Options.create_if_missing: 1
2024/10/22-18:34:26.738738 7f4367f4acc0                         Options.paranoid_checks: 1
2024/10/22-18:34:26.738738 7f4367f4acc0                               Options.track_and_verify_wals_in_manifest: 0
2024/10/22-18:34:26.738739 7f4367f4acc0                                     Options.env: 0x561a86033380
2024/10/22-18:34:26.738739 7f4367f4acc0                                      Options.fs: Posix File System
2024/10/22-18:34:26.738740 7f4367f4acc0                                Options.info_log: 0x561ac12299b0
2024/10/22-18:34:26.738740 7f4367f4acc0                Options.max_file_opening_threads: 16
2024/10/22-18:34:26.738741 7f4367f4acc0                              Options.statistics: (nil)
2024/10/22-18:34:26.738741 7f4367f4acc0                               Options.use_fsync: 1
2024/10/22-18:34:26.738742 7f4367f4acc0                       Options.max_log_file_size: 0
2024/10/22-18:34:26.738742 7f4367f4acc0                  Options.max_manifest_file_size: 1073741824
2024/10/22-18:34:26.738743 7f4367f4acc0                   Options.log_file_time_to_roll: 0
2024/10/22-18:34:26.738743 7f4367f4acc0                       Options.keep_log_file_num: 1000
2024/10/22-18:34:26.738743 7f4367f4acc0                    Options.recycle_log_file_num: 0
2024/10/22-18:34:26.738744 7f4367f4acc0                         Options.allow_fallocate: 1
2024/10/22-18:34:26.738744 7f4367f4acc0                        Options.allow_mmap_reads: 0
2024/10/22-18:34:26.738745 7f4367f4acc0                       Options.allow_mmap_writes: 0
2024/10/22-18:34:26.738745 7f4367f4acc0                        Options.use_direct_reads: 0
2024/10/22-18:34:26.738745 7f4367f4acc0                        Options.use_direct_io_for_flush_and_compaction: 0
2024/10/22-18:34:26.738746 7f4367f4acc0          Options.create_missing_column_families: 1
2024/10/22-18:34:26.738746 7f4367f4acc0                              Options.db_log_dir: 
2024/10/22-18:34:26.738747 7f4367f4acc0                                 Options.wal_dir: /home/humaid/ic-projects/opend/.dfx/state/replicated_state/node-100/ic_consensus_pool/consensus
2024/10/22-18:34:26.738747 7f4367f4acc0                Options.table_cache_numshardbits: 6
2024/10/22-18:34:26.738748 7f4367f4acc0                         Options.WAL_ttl_seconds: 0
2024/10/22-18:34:26.738748 7f4367f4acc0                       Options.WAL_size_limit_MB: 0
2024/10/22-18:34:26.738748 7f4367f4acc0                        Options.max_write_batch_group_size_bytes: 1048576
2024/10/22-18:34:26.738749 7f4367f4acc0             Options.manifest_preallocation_size: 4194304
2024/10/22-18:34:26.738749 7f4367f4acc0                     Options.is_fd_close_on_exec: 1
2024/10/22-18:34:26.738750 7f4367f4acc0                   Options.advise_random_on_open: 1
2024/10/22-18:34:26.738750 7f4367f4acc0                    Options.db_write_buffer_size: 0
2024/10/22-18:34:26.738750 7f4367f4acc0                    Options.write_buffer_manager: 0x561ac1229be0
2024/10/22-18:34:26.738751 7f4367f4acc0         Options.access_hint_on_compaction_start: 1
2024/10/22-18:34:26.738755 7f4367f4acc0  Options.new_table_reader_for_compaction_inputs: 0
2024/10/22-18:34:26.738756 7f4367f4acc0           Options.random_access_max_buffer_size: 1048576
2024/10/22-18:34:26.738756 7f4367f4acc0                      Options.use_adaptive_mutex: 0
2024/10/22-18:34:26.738756 7f4367f4acc0                            Options.rate_limiter: (nil)
2024/10/22-18:34:26.738757 7f4367f4acc0     Options.sst_file_manager.rate_bytes_per_sec: 0
2024/10/22-18:34:26.738758 7f4367f4acc0                       Options.wal_recovery_mode: 2
2024/10/22-18:34:26.738758 7f4367f4acc0                  Options.enable_thread_tracking: 0
2024/10/22-18:34:26.738759 7f4367f4acc0                  Options.enable_pipelined_write: 0
2024/10/22-18:34:26.738759 7f4367f4acc0                  Options.unordered_write: 0
2024/10/22-18:34:26.738759 7f4367f4acc0         Options.allow_concurrent_memtable_write: 1
2024/10/22-18:34:26.738760 7f4367f4acc0      Options.enable_write_thread_adaptive_yield: 1
2024/10/22-18:34:26.738760 7f4367f4acc0             Options.write_thread_max_yield_usec: 100
2024/10/22-18:34:26.738760 7f4367f4acc0            Options.write_thread_slow_yield_usec: 3
2024/10/22-18:34:26.738761 7f4367f4acc0                               Options.row_cache: None
2024/10/22-18:34:26.738761 7f4367f4acc0                              Options.wal_filter: None
2024/10/22-18:34:26.738762 7f4367f4acc0             Options.avoid_flush_during_recovery: 0
2024/10/22-18:34:26.738762 7f4367f4acc0             Options.allow_ingest_behind: 0
2024/10/22-18:34:26.738763 7f4367f4acc0             Options.preserve_deletes: 0
2024/10/22-18:34:26.738763 7f4367f4acc0             Options.two_write_queues: 0
2024/10/22-18:34:26.738763 7f4367f4acc0             Options.manual_wal_flush: 0
2024/10/22-18:34:26.738764 7f4367f4acc0             Options.atomic_flush: 0
2024/10/22-18:34:26.738764 7f4367f4acc0             Options.avoid_unnecessary_blocking_io: 0
2024/10/22-18:34:26.738765 7f4367f4acc0                 Options.persist_stats_to_disk: 0
2024/10/22-18:34:26.738765 7f4367f4acc0                 Options.write_dbid_to_manifest: 0
2024/10/22-18:34:26.738765 7f4367f4acc0                 Options.log_readahead_size: 0
2024/10/22-18:34:26.738766 7f4367f4acc0                 Options.file_checksum_gen_factory: Unknown
2024/10/22-18:34:26.738766 7f4367f4acc0                 Options.best_efforts_recovery: 0
2024/10/22-18:34:26.738767 7f4367f4acc0                Options.max_bgerror_resume_count: 2147483647
2024/10/22-18:34:26.738767 7f4367f4acc0            Options.bgerror_resume_retry_interval: 1000000
2024/10/22-18:34:26.738768 7f4367f4acc0             Options.allow_data_in_errors: 0
2024/10/22-18:34:26.738768 7f4367f4acc0             Options.db_host_id: __hostname__
2024/10/22-18:34:26.738768 7f4367f4acc0             Options.max_background_jobs: 2
2024/10/22-18:34:26.738769 7f4367f4acc0             Options.max_background_compactions: -1
2024/10/22-18:34:26.738769 7f4367f4acc0             Options.max_subcompactions: 1
2024/10/22-18:34:26.738770 7f4367f4acc0             Options.avoid_flush_during_shutdown: 0
2024/10/22-18:34:26.738770 7f4367f4acc0           Options.writable_file_max_buffer_size: 1048576
2024/10/22-18:34:26.738770 7f4367f4acc0             Options.delayed_write_rate : 16777216
2024/10/22-18:34:26.738771 7f4367f4acc0             Options.max_total_wal_size: 0
2024/10/22-18:34:26.738771 7f4367f4acc0             Options.delete_obsolete_files_period_micros: 21600000000
2024/10/22-18:34:26.738772 7f4367f4acc0                   Options.stats_dump_period_sec: 600
2024/10/22-18:34:26.738772 7f4367f4acc0                 Options.stats_persist_period_sec: 600
2024/10/22-18:34:26.738773 7f4367f4acc0                 Options.stats_history_buffer_size: 1048576
2024/10/22-18:34:26.738773 7f4367f4acc0                          Options.max_open_files: -1
2024/10/22-18:34:26.738773 7f4367f4acc0                          Options.bytes_per_sync: 0
2024/10/22-18:34:26.738774 7f4367f4acc0                      Options.wal_bytes_per_sync: 0
2024/10/22-18:34:26.738774 7f4367f4acc0                   Options.strict_bytes_per_sync: 0
2024/10/22-18:34:26.738777 7f4367f4acc0       Options.compaction_readahead_size: 0
2024/10/22-18:34:26.738778 7f4367f4acc0                  Options.max_background_flushes: -1
2024/10/22-18:34:26.738778 7f4367f4acc0 Compression algorithms supported:
2024/10/22-18:34:26.738779 7f4367f4acc0 	kZSTDNotFinalCompression supported: 1
2024/10/22-18:34:26.738788 7f4367f4acc0 	kZSTD supported: 1
2024/10/22-18:34:26.738789 7f4367f4acc0 	kXpressCompression supported: 0
2024/10/22-18:34:26.738790 7f4367f4acc0 	kLZ4HCCompression supported: 1
2024/10/22-18:34:26.738791 7f4367f4acc0 	kLZ4Compression supported: 1
2024/10/22-18:34:26.738791 7f4367f4acc0 	kBZip2Compression supported: 1
2024/10/22-18:34:26.738792 7f4367f4acc0 	kZlibCompression supported: 1
2024/10/22-18:34:26.738792 7f4367f4acc0 	kSnappyCompression supported: 1
2024/10/22-18:34:26.738795 7f4367f4acc0 Fast CRC32 supported: Supported on x86
2024/10/22-18:34:26.739067 7f4367f4acc0 [db/version_set.cc:4758] Recovering from manifest file: /home/humaid/ic-projects/opend/.dfx/state/replicated_state/node-100/ic_consensus_pool/consensus/MANIFEST-001209
2024/10/22-18:34:26.739178 7f4367f4acc0 [db/column_family.cc:595] --------------- Options for column family [default]:
2024/10/22-18:34:26.739180 7f4367f4acc0               Options.comparator: leveldb.BytewiseComparator
2024/10/22-18:34:26.739181 7f4367f4acc0           Options.merge_operator: None
2024/10/22-18:34:26.739182 7f4367f4acc0        Options.compaction_filter: None
2024/10/22-18:34:26.739182 7f4367f4acc0        Options.compaction_filter_factory: None
2024/10/22-18:34:26.739182 7f4367f4acc0  Options.sst_partitioner_factory: None
2024/10/22-18:34:26.739183 7f4367f4acc0         Options.memtable_factory: SkipListFactory
2024/10/22-18:34:26.739183 7f4367f4acc0            Options.table_factory: BlockBasedTable
2024/10/22-18:34:26.739205 7f4367f4acc0            table_factory options:   flush_block_policy_factory: FlushBlockBySizePolicyFactory (0x561ac1225890)
  cache_index_and_filter_blocks: 0
  cache_index_and_filter_blocks_with_high_priority: 1
  pin_l0_filter_and_index_blocks_in_cache: 0
  pin_top_level_index_and_filter: 1
  index_type: 0
  data_block_index_type: 0
  index_shortening: 1
  data_block_hash_table_util_ratio: 0.750000
  hash_index_allow_collision: 1
  checksum: 1
  no_block_cache: 0
  block_cache: 0x561ac12258e0
  block_cache_name: LRUCache
  block_cache_options:
    capacity : 8388608
    num_shard_bits : 4
    strict_capacity_limit : 0
    memory_allocator : None
    high_pri_pool_ratio: 0.000
  block_cache_compressed: (nil)
  persistent_cache: (nil)
  block_size: 4096
  block_size_deviation: 10
  block_restart_interval: 16
  index_block_restart_interval: 1
  metadata_block_size: 4096
  partition_filters: 0
  use_delta_encoding: 1
  filter_policy: nullptr
  whole_key_filtering: 1
  verify_compression: 0
  read_amp_bytes_per_bit: 0
  format_version: 4
  enable_index_compression: 1
  block_align: 0
2024/10/22-18:34:26.739209 7f4367f4acc0        Options.write_buffer_size: 67108864
2024/10/22-18:34:26.739209 7f4367f4acc0  Options.max_write_buffer_number: 2
2024/10/22-18:34:26.739210 7f4367f4acc0          Options.compression: Snappy
2024/10/22-18:34:26.739211 7f4367f4acc0                  Options.bottommost_compression: Disabled
2024/10/22-18:34:26.739211 7f4367f4acc0       Options.prefix_extractor: nullptr
2024/10/22-18:34:26.739212 7f4367f4acc0   Options.memtable_insert_with_hint_prefix_extractor: nullptr
2024/10/22-18:34:26.739212 7f4367f4acc0             Options.num_levels: 7
2024/10/22-18:34:26.739213 7f4367f4acc0        Options.min_write_buffer_number_to_merge: 1
2024/10/22-18:34:26.739213 7f4367f4acc0     Options.max_write_buffer_number_to_maintain: 0
2024/10/22-18:34:26.739213 7f4367f4acc0     Options.max_write_buffer_size_to_maintain: 0
2024/10/22-18:34:26.739214 7f4367f4acc0            Options.bottommost_compression_opts.window_bits: -14
2024/10/22-18:34:26.739214 7f4367f4acc0                  Options.bottommost_compression_opts.level: 32767
2024/10/22-18:34:26.739215 7f4367f4acc0               Options.bottommost_compression_opts.strategy: 0
2024/10/22-18:34:26.739221 7f4367f4acc0         Options.bottommost_compression_opts.max_dict_bytes: 0
2024/10/22-18:34:26.739221 7f4367f4acc0         Options.bottommost_compression_opts.zstd_max_train_bytes: 0
2024/10/22-18:34:26.739222 7f4367f4acc0         Options.bottommost_compression_opts.parallel_threads: 1
2024/10/22-18:34:26.739222 7f4367f4acc0                  Options.bottommost_compression_opts.enabled: false
2024/10/22-18:34:26.739222 7f4367f4acc0            Options.compression_opts.window_bits: -14
2024/10/22-18:34:26.739223 7f4367f4acc0                  Options.compression_opts.level: 32767
2024/10/22-18:34:26.739223 7f4367f4acc0               Options.compression_opts.strategy: 0
2024/10/22-18:34:26.739224 7f4367f4acc0         Options.compression_opts.max_dict_bytes: 0
2024/10/22-18:34:26.739224 7f4367f4acc0         Options.compression_opts.zstd_max_train_bytes: 0
2024/10/22-18:34:26.739224 7f4367f4acc0         Options.compression_opts.parallel_threads: 1
2024/10/22-18:34:26.739225 7f4367f4acc0                  Options.compression_opts.enabled: false
2024/10/22-18:34:26.739225 7f4367f4acc0      Options.level0_file_num_compaction_trigger: 4
2024/10/22-18:34:26.739226 7f4367f4acc0          Options.level0_slowdown_writes_trigger: 20
2024/10/22-18:34:26.739226 7f4367f4acc0              Options.level0_stop_writes_trigger: 36
2024/10/22-18:34:26.739226 7f4367f4acc0                   Options.target_file_size_base: 67108864
2024/10/22-18:34:26.739227 7f4367f4acc0             Options.target_file_size_multiplier: 1
2024/10/22-18:34:26.739227 7f4367f4acc0                Options.max_bytes_for_level_base: 268435456
2024/10/22-18:34:26.739228 7f4367f4acc0 Options.level_compaction_dynamic_level_bytes: 0
2024/10/22-18:34:26.739228 7f4367f4acc0          Options.max_bytes_for_level_multiplier: 10.000000
2024/10/22-18:34:26.739229 7f4367f4acc0 Options.max_bytes_for_level_multiplier_addtl[0]: 1
2024/10/22-18:34:26.739230 7f4367f4acc0 Options.max_bytes_for_level_multiplier_addtl[1]: 1
2024/10/22-18:34:26.739230 7f4367f4acc0 Options.max_bytes_for_level_multiplier_addtl[2]: 1
2024/10/22-18:34:26.739231 7f4367f4acc0 Options.max_bytes_for_level_multiplier_addtl[3]: 1
2024/10/22-18:34:26.739231 7f4367f4acc0 Options.max_bytes_for_level_multiplier_addtl[4]: 1
2024/10/22-18:34:26.739231 7f4367f4acc0 Options.max_bytes_for_level_multiplier_addtl[5]: 1
2024/10/22-18:34:26.739232 7f4367f4acc0 Options.max_bytes_for_level_multiplier_addtl[6]: 1
2024/10/22-18:34:26.739232 7f4367f4acc0       Options.max_sequential_skip_in_iterations: 8
2024/10/22-18:34:26.739233 7f4367f4acc0                    Options.max_compaction_bytes: 1677721600
2024/10/22-18:34:26.739233 7f4367f4acc0                        Options.arena_block_size: 8388608
2024/10/22-18:34:26.739233 7f4367f4acc0   Options.soft_pending_compaction_bytes_limit: 68719476736
2024/10/22-18:34:26.739234 7f4367f4acc0   Options.hard_pending_compaction_bytes_limit: 274877906944
2024/10/22-18:34:26.739234 7f4367f4acc0       Options.rate_limit_delay_max_milliseconds: 100
2024/10/22-18:34:26.739235 7f4367f4acc0                Options.disable_auto_compactions: 0
2024/10/22-18:34:26.739236 7f4367f4acc0                        Options.compaction_style: kCompactionStyleLevel
2024/10/22-18:34:26.739236 7f4367f4acc0                          Options.compaction_pri: kMinOverlappingRatio
2024/10/22-18:34:26.739237 7f4367f4acc0 Options.compaction_options_universal.size_ratio: 1
2024/10/22-18:34:26.739237 7f4367f4acc0 Options.compaction_options_universal.min_merge_width: 2
2024/10/22-18:34:26.739238 7f4367f4acc0 Options.compaction_options_universal.max_merge_width: 4294967295
2024/10/22-18:34:26.739238 7f4367f4acc0 Options.compaction_options_universal.max_size_amplification_percent: 200
2024/10/22-18:34:26.739238 7f4367f4acc0 Options.compaction_options_universal.compression_size_percent: -1
2024/10/22-18:34:26.739239 7f4367f4acc0 Options.compaction_options_universal.stop_style: kCompactionStopStyleTotalSize
2024/10/22-18:34:26.739239 7f4367f4acc0 Options.compaction_options_fifo.max_table_files_size: 1073741824
2024/10/22-18:34:26.739241 7f4367f4acc0 Options.compaction_options_fifo.allow_compaction: 0
2024/10/22-18:34:26.739243 7f4367f4acc0                   Options.table_properties_collectors: 
2024/10/22-18:34:26.739243 7f4367f4acc0                   Options.inplace_update_support: 0
2024/10/22-18:34:26.739244 7f4367f4acc0                 Options.inplace_update_num_locks: 10000
2024/10/22-18:34:26.739244 7f4367f4acc0               Options.memtable_prefix_bloom_size_ratio: 0.000000
2024/10/22-18:34:26.739245 7f4367f4acc0               Options.memtable_whole_key_filtering: 0
2024/10/22-18:34:26.739245 7f4367f4acc0   Options.memtable_huge_page_size: 0
2024/10/22-18:34:26.739246 7f4367f4acc0                           Options.bloom_locality: 0
2024/10/22-18:34:26.739246 7f4367f4acc0                    Options.max_successive_merges: 0
2024/10/22-18:34:26.739247 7f4367f4acc0                Options.optimize_filters_for_hits: 0
2024/10/22-18:34:26.739247 7f4367f4acc0                Options.paranoid_file_checks: 0
2024/10/22-18:34:26.739247 7f4367f4acc0                Options.force_consistency_checks: 1
2024/10/22-18:34:26.739248 7f4367f4acc0                Options.report_bg_io_stats: 0
2024/10/22-18:34:26.739248 7f4367f4acc0                               Options.ttl: 2592000
2024/10/22-18:34:26.739249 7f4367f4acc0          Options.periodic_compaction_seconds: 0
2024/10/22-18:34:26.739249 7f4367f4acc0                    Options.enable_blob_files: false
2024/10/22-18:34:26.739249 7f4367f4acc0                        Options.min_blob_size: 0
2024/10/22-18:34:26.739250 7f4367f4acc0                       Options.blob_file_size: 268435456
2024/10/22-18:34:26.739250 7f4367f4acc0                Options.blob_compression_type: NoCompression
2024/10/22-18:34:26.739251 7f4367f4acc0       Options.enable_blob_garbage_collection: false
2024/10/22-18:34:26.739251 7f4367f4acc0   Options.blob_garbage_collection_age_cutoff: 0.250000
2024/10/22-18:34:26.739492 7f4367f4acc0 [db/column_family.cc:595] --------------- Options for column family [RB]:
2024/10/22-18:34:26.739494 7f4367f4acc0               Options.comparator: leveldb.BytewiseComparator
2024/10/22-18:34:26.739495 7f4367f4acc0           Options.merge_operator: None
2024/10/22-18:34:26.739496 7f4367f4acc0        Options.compaction_filter: filter_outdated
2024/10/22-18:34:26.739496 7f4367f4acc0        Options.compaction_filter_factory: None
2024/10/22-18:34:26.739497 7f4367f4acc0  Options.sst_partitioner_factory: None
2024/10/22-18:34:26.739497 7f4367f4acc0         Options.memtable_factory: SkipListFactory
2024/10/22-18:34:26.739498 7f4367f4acc0            Options.table_factory: BlockBasedTable
2024/10/22-18:34:26.739508 7f4367f4acc0            table_factory options:   flush_block_policy_factory: FlushBlockBySizePolicyFactory (0x561ac120ba90)
  cache_index_and_filter_blocks: 0
  cache_index_and_filter_blocks_with_high_priority: 1
  pin_l0_filter_and_index_blocks_in_cache: 0
  pin_top_level_index_and_filter: 1
  index_type: 0
  data_block_index_type: 0
  index_shortening: 1
  data_block_hash_table_util_ratio: 0.750000
  hash_index_allow_collision: 1
  checksum: 1
  no_block_cache: 0
  block_cache: 0x561ac120bae0
  block_cache_name: LRUCache
  block_cache_options:
    capacity : 8388608
    num_shard_bits : 4
    strict_capacity_limit : 0
    memory_allocator : None
    high_pri_pool_ratio: 0.000
  block_cache_compressed: (nil)
  persistent_cache: (nil)
  block_size: 4096
  block_size_deviation: 10
  block_restart_interval: 16
  index_block_restart_interval: 1
  metadata_block_size: 4096
  partition_filters: 0
  use_delta_encoding: 1
  filter_policy: nullptr
  whole_key_filtering: 1
  verify_compression: 0
  read_amp_bytes_per_bit: 0
  format_version: 4
  enable_index_compression: 1
  block_align: 0
2024/10/22-18:34:26.739511 7f4367f4acc0        Options.write_buffer_size: 67108864
2024/10/22-18:34:26.739511 7f4367f4acc0  Options.max_write_buffer_number: 2
2024/10/22-18:34:26.739512 7f4367f4acc0          Options.compression: NoCompression
2024/10/22-18:34:26.739515 7f4367f4acc0                  Options.bottommost_compression: Disabled
2024/10/22-18:34:26.739515 7f4367f4acc0       Options.prefix_extractor: nullptr
2024/10/22-18:34:26.739516 7f4367f4acc0   Options.memtable_insert_with_hint_prefix_extractor: nullptr
2024/10/22-18:34:26.739516 7f4367f4acc0             Options.num_levels: 7
2024/10/22-18:34:26.739517 7f4367f4acc0        Options.min_write_buffer_number_to_merge: 1
2024/10/22-18:34:26.739517 7f4367f4acc0     Options.max_write_buffer_number_to_maintain: 0
2024/10/22-18:34:26.739518 7f4367f4acc0     Options.max_write_buffer_size_to_maintain: 0
2024/10/22-18:34:26.739518 7f4367f4acc0            Options.bottommost_compression_opts.window_bits: -14
2024/10/22-18:34:26.739518 7f4367f4acc0                  Options.bottommost_compression_opts.level: 32767
2024/10/22-18:34:26.739519 7f4367f4acc0               Options.bottommost_compression_opts.strategy: 0
2024/10/22-18:34:26.739519 7f4367f4acc0         Options.bottommost_compression_opts.max_dict_bytes: 0
2024/10/22-18:34:26.739520 7f4367f4acc0         Options.bottommost_compression_opts.zstd_max_train_bytes: 0
2024/10/22-18:34:26.739520 7f4367f4acc0         Options.bottommost_compression_opts.parallel_threads: 1
2024/10/22-18:34:26.739520 7f4367f4acc0                  Options.bottommost_compression_opts.enabled: false
2024/10/22-18:34:26.739521 7f4367f4acc0            Options.compression_opts.window_bits: -14
2024/10/22-18:34:26.739521 7f4367f4acc0                  Options.compression_opts.level: 32767
2024/10/22-18:34:26.739522 7f4367f4acc0               Options.compression_opts.strategy: 0
2024/10/22-18:34:26.739522 7f4367f4acc0         Options.compression_opts.max_dict_bytes: 0
2024/10/22-18:34:26.739522 7f4367f4acc0         Options.compression_opts.zstd_max_train_bytes: 0
2024/10/22-18:34:26.739523 7f4367f4acc0         Options.compression_opts.parallel_threads: 1
2024/10/22-18:34:26.739523 7f4367f4acc0                  Options.compression_opts.enabled: false
2024/10/22-18:34:26.739524 7f4367f4acc0      Options.level0_file_num_compaction_trigger: 4
2024/10/22-18:34:26.739524 7f4367f4acc0          Options.level0_slowdown_writes_trigger: 20
2024/10/22-18:34:26.739524 7f4367f4acc0              Options.level0_stop_writes_trigger: 36
2024/10/22-18:34:26.739525 7f4367f4acc0                   Options.target_file_size_base: 67108864
2024/10/22-18:34:26.739525 7f4367f4acc0             Options.target_file_size_multiplier: 1
2024/10/22-18:34:26.739526 7f4367f4acc0                Options.max_bytes_for_level_base: 268435456
2024/10/22-18:34:26.739526 7f4367f4acc0 Options.level_compaction_dynamic_level_bytes: 0
2024/10/22-18:34:26.739526 7f4367f4acc0          Options.max_bytes_for_level_multiplier: 10.000000
2024/10/22-18:34:26.739527 7f4367f4acc0 Options.max_bytes_for_level_multiplier_addtl[0]: 1
2024/10/22-18:34:26.739528 7f4367f4acc0 Options.max_bytes_for_level_multiplier_addtl[1]: 1
2024/10/22-18:34:26.739528 7f4367f4acc0 Options.max_bytes_for_level_multiplier_addtl[2]: 1
2024/10/22-18:34:26.739529 7f4367f4acc0 Options.max_bytes_for_level_multiplier_addtl[3]: 1
2024/10/22-18:34:26.739529 7f4367f4acc0 Options.max_bytes_for_level_multiplier_addtl[4]: 1
2024/10/22-18:34:26.739529 7f4367f4acc0 Options.max_bytes_for_level_multiplier_addtl[5]: 1
2024/10/22-18:34:26.739530 7f4367f4acc0 Options.max_bytes_for_level_multiplier_addtl[6]: 1
2024/10/22-18:34:26.739530 7f4367f4acc0       Options.max_sequential_skip_in_iterations: 8
2024/10/22-18:34:26.739531 7f4367f4acc0                    Options.max_compaction_bytes: 1677721600
2024/10/22-18:34:26.739531 7f4367f4acc0                        Options.arena_block_size: 8388608
2024/10/22-18:34:26.739531 7f4367f4acc0   Options.soft_pending_compaction_bytes_limit: 68719476736
2024/10/22-18:34:26.739532 7f4367f4acc0   Options.hard_pending_compaction_bytes_limit: 274877906944
2024/10/22-18:34:26.739532 7f4367f4acc0       Options.rate_limit_delay_max_milliseconds: 100
2024/10/22-18:34:26.739533 7f4367f4acc0                Options.disable_auto_compactions: 1
2024/10/22-18:34:26.739535 7f4367f4acc0                        Options.compaction_style: kCompactionStyleLevel
2024/10/22-18:34:26.739536 7f4367f4acc0                          Options.compaction_pri: kMinOverlappingRatio
2024/10/22-18:34:26.739536 7f4367f4acc0 Options.compaction_options_universal.size_ratio: 1
2024/10/22-18:34:26.739536 7f4367f4acc0 Options.compaction_options_universal.min_merge_width: 2
2024/10/22-18:34:26.739537 7f4367f4acc0 Options.compaction_options_universal.max_merge_width: 4294967295
2024/10/22-18:34:26.739537 7f4367f4acc0 Options.compaction_options_universal.max_size_amplification_percent: 200
2024/10/22-18:34:26.739538 7f4367f4acc0 Options.compaction_options_universal.compression_size_percent: -1
2024/10/22-18:34:26.739538 7f4367f4acc0 Options.compaction_options_universal.stop_style: kCompactionStopStyleTotalSize
2024/10/22-18:34:26.739539 7f4367f4acc0 Options.compaction_options_fifo.max_table_files_size: 1073741824
2024/10/22-18:34:26.739539 7f4367f4acc0 Options.compaction_options_fifo.allow_compaction: 0
2024/10/22-18:34:26.739540 7f4367f4acc0                   Options.table_properties_collectors: 
2024/10/22-18:34:26.739541 7f4367f4acc0                   Options.inplace_update_support: 0
2024/10/22-18:34:26.739541 7f4367f4acc0                 Options.inplace_update_num_locks: 10000
2024/10/22-18:34:26.739541 7f4367f4acc0               Options.memtable_prefix_bloom_size_ratio: 0.000000
2024/10/22-18:34:26.739542 7f4367f4acc0               Options.memtable_whole_key_filtering: 0
2024/10/22-18:34:26.739542 7f4367f4acc0   Options.memtable_huge_page_size: 0
2024/10/22-18:34:26.739543 7f4367f4acc0                           Options.bloom_locality: 0
2024/10/22-18:34:26.739543 7f4367f4acc0                    Options.max_successive_merges: 0
2024/10/22-18:34:26.739544 7f4367f4acc0                Options.optimize_filters_for_hits: 0
2024/10/22-18:34:26.739544 7f4367f4acc0                Options.paranoid_file_checks: 0
2024/10/22-18:34:26.739544 7f4367f4acc0                Options.force_consistency_checks: 1
2024/10/22-18:34:26.739545 7f4367f4acc0                Options.report_bg_io_stats: 0
2024/10/22-18:34:26.739545 7f4367f4acc0                               Options.ttl: 2592000
2024/10/22-18:34:26.739546 7f4367f4acc0          Options.periodic_compaction_seconds: 2592000
2024/10/22-18:34:26.739546 7f4367f4acc0                    Options.enable_blob_files: false
2024/10/22-18:34:26.739546 7f4367f4acc0                        Options.min_blob_size: 0
2024/10/22-18:34:26.739547 7f4367f4acc0                       Options.blob_file_size: 268435456
2024/10/22-18:34:26.739547 7f4367f4acc0                Options.blob_compression_type: NoCompression
2024/10/22-18:34:26.739548 7f4367f4acc0       Options.enable_blob_garbage_collection: false
2024/10/22-18:34:26.739548 7f4367f4acc0   Options.blob_garbage_collection_age_cutoff: 0.250000
2024/10/22-18:34:26.739568 7f4367f4acc0 [db/column_family.cc:595] --------------- Options for column family [FZ]:
2024/10/22-18:34:26.739568 7f4367f4acc0               Options.comparator: leveldb.BytewiseComparator
2024/10/22-18:34:26.739569 7f4367f4acc0           Options.merge_operator: None
2024/10/22-18:34:26.739569 7f4367f4acc0        Options.compaction_filter: filter_outdated
2024/10/22-18:34:26.739570 7f4367f4acc0        Options.compaction_filter_factory: None
2024/10/22-18:34:26.739570 7f4367f4acc0  Options.sst_partitioner_factory: None
2024/10/22-18:34:26.739571 7f4367f4acc0         Options.memtable_factory: SkipListFactory
2024/10/22-18:34:26.739571 7f4367f4acc0            Options.table_factory: BlockBasedTable
2024/10/22-18:34:26.739577 7f4367f4acc0            table_factory options:   flush_block_policy_factory: FlushBlockBySizePolicyFactory (0x561ac120dd20)
  cache_index_and_filter_blocks: 0
  cache_index_and_filter_blocks_with_high_priority: 1
  pin_l0_filter_and_index_blocks_in_cache: 0
  pin_top_level_index_and_filter: 1
  index_type: 0
  data_block_index_type: 0
  index_shortening: 1
  data_block_hash_table_util_ratio: 0.750000
  hash_index_allow_collision: 1
  checksum: 1
  no_block_cache: 0
  block_cache: 0x561ac120dd70
  block_cache_name: LRUCache
  block_cache_options:
    capacity : 8388608
    num_shard_bits : 4
    strict_capacity_limit : 0
    memory_allocator : None
    high_pri_pool_ratio: 0.000
  block_cache_compressed: (nil)
  persistent_cache: (nil)
  block_size: 4096
  block_size_deviation: 10
  block_restart_interval: 16
  index_block_restart_interval: 1
  metadata_block_size: 4096
  partition_filters: 0
  use_delta_encoding: 1
  filter_policy: nullptr
  whole_key_filtering: 1
  verify_compression: 0
  read_amp_bytes_per_bit: 0
  format_version: 4
  enable_index_compression: 1
  block_align: 0
2024/10/22-18:34:26.739581 7f4367f4acc0        Options.write_buffer_size: 67108864
2024/10/22-18:34:26.739581 7f4367f4acc0  Options.max_write_buffer_number: 2
2024/10/22-18:34:26.739582 7f4367f4acc0          Options.compression: NoCompression
2024/10/22-18:34:26.739582 7f4367f4acc0                  Options.bottommost_compression: Disabled
2024/10/22-18:34:26.739583 7f4367f4acc0       Options.prefix_extractor: nullptr
2024/10/22-18:34:26.739583 7f4367f4acc0   Options.memtable_insert_with_hint_prefix_extractor: nullptr
2024/10/22-18:34:26.739584 7f4367f4acc0             Options.num_levels: 7
2024/10/22-18:34:26.739584 7f4367f4acc0        Options.min_write_buffer_number_to_merge: 1
2024/10/22-18:34:26.739584 7f4367f4acc0     Options.max_write_buffer_number_to_maintain: 0
2024/10/22-18:34:26.739585 7f4367f4acc0     Options.max_write_buffer_size_to_maintain: 0
2024/10/22-18:34:26.739585 7f4367f4acc0            Options.bottommost_compression_opts.window_bits: -14
2024/10/22-18:34:26.739586 7f4367f4acc0                  Options.bottommost_compression_opts.level: 32767
2024/10/22-18:34:26.739586 7f4367f4acc0               Options.bottommost_compression_opts.strategy: 0
2024/10/22-18:34:26.739586 7f4367f4acc0         Options.bottommost_compression_opts.max_dict_bytes: 0
2024/10/22-18:34:26.739587 7f4367f4acc0         Options.bottommost_compression_opts.zstd_max_train_bytes: 0
2024/10/22-18:34:26.739587 7f4367f4acc0         Options.bottommost_compression_opts.parallel_threads: 1
2024/10/22-18:34:26.739588 7f4367f4acc0                  Options.bottommost_compression_opts.enabled: false
2024/10/22-18:34:26.739588 7f4367f4acc0            Options.compression_opts.window_bits: -14
2024/10/22-18:34:26.739588 7f4367f4acc0                  Options.compression_opts.level: 32767
2024/10/22-18:34:26.739589 7f4367f4acc0               Options.compression_opts.strategy: 0
2024/10/22-18:34:26.739589 7f4367f4acc0         Options.compression_opts.max_dict_bytes: 0
2024/10/22-18:34:26.739589 7f4367f4acc0         Options.compression_opts.zstd_max_train_bytes: 0
2024/10/22-18:34:26.739590 7f4367f4acc0         Options.compression_opts.parallel_threads: 1
2024/10/22-18:34:26.739590 7f4367f4acc0                  Options.compression_opts.enabled: false
2024/10/22-18:34:26.739591 7f4367f4acc0      Options.level0_file_num_compaction_trigger: 4
2024/10/22-18:34:26.739591 7f4367f4acc0          Options.level0_slowdown_writes_trigger: 20
2024/10/22-18:34:26.739591 7f4367f4acc0              Options.level0_stop_writes_trigger: 36
2024/10/22-18:34:26.739592 7f4367f4acc0                   Options.target_file_size_base: 67108864
2024/10/22-18:34:26.739592 7f4367f4acc0             Options.target_file_size_multiplier: 1
2024/10/22-18:34:26.739593 7f4367f4acc0                Options.max_bytes_for_level_base: 268435456
2024/10/22-18:34:26.739593 7f4367f4acc0 Options.level_compaction_dynamic_level_bytes: 0
2024/10/22-18:34:26.739593 7f4367f4acc0          Options.max_bytes_for_level_multiplier: 10.000000
2024/10/22-18:34:26.739594 7f4367f4acc0 Options.max_bytes_for_level_multiplier_addtl[0]: 1
2024/10/22-18:34:26.739594 7f4367f4acc0 Options.max_bytes_for_level_multiplier_addtl[1]: 1
2024/10/22-18:34:26.739595 7f4367f4acc0 Options.max_bytes_for_level_multiplier_addtl[2]: 1
2024/10/22-18:34:26.739595 7f4367f4acc0 Options.max_bytes_for_level_multiplier_addtl[3]: 1
2024/10/22-18:34:26.739596 7f4367f4acc0 Options.max_bytes_for_level_multiplier_addtl[4]: 1
2024/10/22-18:34:26.739598 7f4367f4acc0 Options.max_bytes_for_level_multiplier_addtl[5]: 1
2024/10/22-18:34:26.739598 7f4367f4acc0 Options.max_bytes_for_level_multiplier_addtl[6]: 1
2024/10/22-18:34:26.739599 7f4367f4acc0       Options.max_sequential_skip_in_iterations: 8
2024/10/22-18:34:26.739599 7f4367f4acc0                    Options.max_compaction_bytes: 1677721600
2024/10/22-18:34:26.739599 7f4367f4acc0                        Options.arena_block_size: 8388608
2024/10/22-18:34:26.739600 7f4367f4acc0   Options.soft_pending_compaction_bytes_limit: 68719476736
2024/10/22-18:34:26.739600 7f4367f4acc0   Options.hard_pending_compaction_bytes_limit: 274877906944
2024/10/22-18:34:26.739601 7f4367f4acc0       Options.rate_limit_delay_max_milliseconds: 100
2024/10/22-18:34:26.739601 7f4367f4acc0                Options.disable_auto_compactions: 1
2024/10/22-18:34:26.739601 7f4367f4acc0                        Options.compaction_style: kCompactionStyleLevel
2024/10/22-18:34:26.739602 7f4367f4acc0                          Options.compaction_pri: kMinOverlappingRatio
2024/10/22-18:34:26.739602 7f4367f4acc0 Options.compaction_options_universal.size_ratio: 1
2024/10/22-18:34:26.739603 7f4367f4acc0 Options.compaction_options_universal.min_merge_width: 2
2024/10/22-18:34:26.739603 7f4367f4acc0 Options.compaction_options_universal.max_merge_width: 4294967295
2024/10/22-18:34:26.739604 7f4367f4acc0 Options.compaction_options_universal.max_size_amplification_percent: 200
2024/10/22-18:34:26.739604 7f4367f4acc0 Options.compaction_options_universal.compression_size_percent: -1
2024/10/22-18:34:26.739604 7f4367f4acc0 Options.compaction_options_universal.stop_style: kCompactionStopStyleTotalSize
2024/10/22-18:34:26.739605 7f4367f4acc0 Options.compaction_options_fifo.max_table_files_size: 1073741824
2024/10/22-18:34:26.739605 7f4367f4acc0 Options.compaction_options_fifo.allow_compaction: 0
2024/10/22-18:34:26.739606 7f4367f4acc0                   Options.table_properties_collectors: 
2024/10/22-18:34:26.739606 7f4367f4acc0                   Options.inplace_update_support: 0
2024/10/22-18:34:26.739607 7f4367f4acc0                 Options.inplace_update_num_locks: 10000
2024/10/22-18:34:26.739607 7f4367f4acc0               Options.memtable_prefix_bloom_size_ratio: 0.000000
2024/10/22-18:34:26.739608 7f4367f4acc0               Options.memtable_whole_key_filtering: 0
2024/10/22-18:34:26.739608 7f4367f4acc0   Options.memtable_huge_page_size: 0
2024/10/22-18:34:26.739609 7f4367f4acc0                           Options.bloom_locality: 0
2024/10/22-18:34:26.739609 7f4367f4acc0                    Options.max_successive_merges: 0
2024/10/22-18:34:26.739609 7f4367f4acc0                Options.optimize_filters_for_hits: 0
2024/10/22-18:34:26.739610 7f4367f4acc0                Options.paranoid_file_checks: 0
2024/10/22-18:34:26.739610 7f4367f4acc0                Options.force_consistency_checks: 1
2024/10/22-18:34:26.739611 7f4367f4acc0                Options.report_bg_io_stats: 0
2024/10/22-18:34:26.739611 7f4367f4acc0                               Options.ttl: 2592000
2024/10/22-18:34:26.739612 7f4367f4acc0          Options.periodic_compaction_seconds: 2592000
2024/10/22-18:34:26.739612 7f4367f4acc0                    Options.enable_blob_files: false
2024/10/22-18:34:26.739612 7f4367f4acc0                        Options.min_blob_size: 0
2024/10/22-18:34:26.739613 7f4367f4acc0                       Options.blob_file_size: 268435456
2024/10/22-18:34:26.739613 7f4367f4acc0                Options.blob_compression_type: NoCompression
2024/10/22-18:34:26.739614 7f4367f4acc0       Options.enable_blob_garbage_collection: false
2024/10/22-18:34:26.739614 7f4367f4acc0   Options.blob_garbage_collection_age_cutoff: 0.250000
2024/10/22-18:34:26.739627 7f4367f4acc0 [db/column_family.cc:595] --------------- Options for column family [NZ]:
2024/10/22-18:34:26.739627 7f4367f4acc0               Options.comparator: leveldb.BytewiseComparator
2024/10/22-18:34:26.739628 7f4367f4acc0           Options.merge_operator: None
2024/10/22-18:34:26.739628 7f4367f4acc0        Options.compaction_filter: filter_outdated
2024/10/22-18:34:26.739631 7f4367f4acc0        Options.compaction_filter_factory: None
2024/10/22-18:34:26.739631 7f4367f4acc0  Options.sst_partitioner_factory: None
2024/10/22-18:34:26.739632 7f4367f4acc0         Options.memtable_factory: SkipListFactory
2024/10/22-18:34:26.739632 7f4367f4acc0            Options.table_factory: BlockBasedTable
2024/10/22-18:34:26.739640 7f4367f4acc0            table_factory options:   flush_block_policy_factory: FlushBlockBySizePolicyFactory (0x561ac120ffd0)
  cache_index_and_filter_blocks: 0
  cache_index_and_filter_blocks_with_high_priority: 1
  pin_l0_filter_and_index_blocks_in_cache: 0
  pin_top_level_index_and_filter: 1
  index_type: 0
  data_block_index_type: 0
  index_shortening: 1
  data_block_hash_table_util_ratio: 0.750000
  hash_index_allow_collision: 1
  checksum: 1
  no_block_cache: 0
  block_cache: 0x561ac1210020
  block_cache_name: LRUCache
  block_cache_options:
    capacity : 8388608
    num_shard_bits : 4
    strict_capacity_limit : 0
    memory_allocator : None
    high_pri_pool_ratio: 0.000
  block_cache_compressed: (nil)
  persistent_cache: (nil)
  block_size: 4096
  block_size_deviation: 10
  block_restart_interval: 16
  index_block_restart_interval: 1
  metadata_block_size: 4096
  partition_filters: 0
  use_delta_encoding: 1
  filter_policy: nullptr
  whole_key_filtering: 1
  verify_compression: 0
  read_amp_bytes_per_bit: 0
  format_version: 4
  enable_index_compression: 1
  block_align: 0
2024/10/22-18:34:26.739641 7f4367f4acc0        Options.write_buffer_size: 67108864
2024/10/22-18:34:26.739641 7f4367f4acc0  Options.max_write_buffer_number: 2
2024/10/22-18:34:26.739642 7f4367f4acc0          Options.compression: NoCompression
2024/10/22-18:34:26.739642 7f4367f4acc0                  Options.bottommost_compression: Disabled
2024/10/22-18:34:26.739643 7f4367f4acc0       Options.prefix_extractor: nullptr
2024/10/22-18:34:26.739643 7f4367f4acc0   Options.memtable_insert_with_hint_prefix_extractor: nullptr
2024/10/22-18:34:26.739644 7f4367f4acc0             Options.num_levels: 7
2024/10/22-18:34:26.739644 7f4367f4acc0        Options.min_write_buffer_number_to_merge: 1
2024/10/22-18:34:26.739644 7f4367f4acc0     Options.max_write_buffer_number_to_maintain: 0
2024/10/22-18:34:26.739645 7f4367f4acc0     Options.max_write_buffer_size_to_maintain: 0
2024/10/22-18:34:26.739645 7f4367f4acc0            Options.bottommost_compression_opts.window_bits: -14
2024/10/22-18:34:26.739646 7f4367f4acc0                  Options.bottommost_compression_opts.level: 32767
2024/10/22-18:34:26.739646 7f4367f4acc0               Options.bottommost_compression_opts.strategy: 0
2024/10/22-18:34:26.739646 7f4367f4acc0         Options.bottommost_compression_opts.max_dict_bytes: 0
2024/10/22-18:34:26.739647 7f4367f4acc0         Options.bottommost_compression_opts.zstd_max_train_bytes: 0
2024/10/22-18:34:26.739647 7f4367f4acc0         Options.bottommost_compression_opts.parallel_threads: 1
