2024/09/19-23:17:31.087166 7f1ad14facc0 RocksDB version: 6.17.0
2024/09/19-23:17:31.087307 7f1ad14facc0 Git sha 0
2024/09/19-23:17:31.087347 7f1ad14facc0 DB SUMMARY
2024/09/19-23:17:31.087348 7f1ad14facc0 DB Session ID:  IJ53DAJWAJA3O38LAPWO
2024/09/19-23:17:31.087380 7f1ad14facc0 CURRENT file:  CURRENT
2024/09/19-23:17:31.087381 7f1ad14facc0 IDENTITY file:  IDENTITY
2024/09/19-23:17:31.087384 7f1ad14facc0 MANIFEST file:  MANIFEST-000871 size: 10386 Bytes
2024/09/19-23:17:31.087385 7f1ad14facc0 SST files in /home/humaid/ic-projects/opend/.dfx/state/replicated_state/node-100/ic_consensus_pool/consensus dir, Total Num: 12, files: 000889.sst 000891.sst 000893.sst 000895.sst 000897.sst 000899.sst 000901.sst 000903.sst 000905.sst 
2024/09/19-23:17:31.087386 7f1ad14facc0 Write Ahead Log file in /home/humaid/ic-projects/opend/.dfx/state/replicated_state/node-100/ic_consensus_pool/consensus: 000887.log size: 2300 ; 000906.log size: 21268359 ; 
2024/09/19-23:17:31.087388 7f1ad14facc0                         Options.error_if_exists: 0
2024/09/19-23:17:31.087389 7f1ad14facc0                       Options.create_if_missing: 1
2024/09/19-23:17:31.087390 7f1ad14facc0                         Options.paranoid_checks: 1
2024/09/19-23:17:31.087390 7f1ad14facc0                               Options.track_and_verify_wals_in_manifest: 0
2024/09/19-23:17:31.087391 7f1ad14facc0                                     Options.env: 0x561ffe3fb380
2024/09/19-23:17:31.087392 7f1ad14facc0                                      Options.fs: Posix File System
2024/09/19-23:17:31.087393 7f1ad14facc0                                Options.info_log: 0x562038a3e9b0
2024/09/19-23:17:31.087393 7f1ad14facc0                Options.max_file_opening_threads: 16
2024/09/19-23:17:31.087394 7f1ad14facc0                              Options.statistics: (nil)
2024/09/19-23:17:31.087395 7f1ad14facc0                               Options.use_fsync: 1
2024/09/19-23:17:31.087395 7f1ad14facc0                       Options.max_log_file_size: 0
2024/09/19-23:17:31.087396 7f1ad14facc0                  Options.max_manifest_file_size: 1073741824
2024/09/19-23:17:31.087397 7f1ad14facc0                   Options.log_file_time_to_roll: 0
2024/09/19-23:17:31.087398 7f1ad14facc0                       Options.keep_log_file_num: 1000
2024/09/19-23:17:31.087398 7f1ad14facc0                    Options.recycle_log_file_num: 0
2024/09/19-23:17:31.087399 7f1ad14facc0                         Options.allow_fallocate: 1
2024/09/19-23:17:31.087400 7f1ad14facc0                        Options.allow_mmap_reads: 0
2024/09/19-23:17:31.087400 7f1ad14facc0                       Options.allow_mmap_writes: 0
2024/09/19-23:17:31.087401 7f1ad14facc0                        Options.use_direct_reads: 0
2024/09/19-23:17:31.087401 7f1ad14facc0                        Options.use_direct_io_for_flush_and_compaction: 0
2024/09/19-23:17:31.087402 7f1ad14facc0          Options.create_missing_column_families: 1
2024/09/19-23:17:31.087403 7f1ad14facc0                              Options.db_log_dir: 
2024/09/19-23:17:31.087403 7f1ad14facc0                                 Options.wal_dir: /home/humaid/ic-projects/opend/.dfx/state/replicated_state/node-100/ic_consensus_pool/consensus
2024/09/19-23:17:31.087404 7f1ad14facc0                Options.table_cache_numshardbits: 6
2024/09/19-23:17:31.087405 7f1ad14facc0                         Options.WAL_ttl_seconds: 0
2024/09/19-23:17:31.087405 7f1ad14facc0                       Options.WAL_size_limit_MB: 0
2024/09/19-23:17:31.087406 7f1ad14facc0                        Options.max_write_batch_group_size_bytes: 1048576
2024/09/19-23:17:31.087407 7f1ad14facc0             Options.manifest_preallocation_size: 4194304
2024/09/19-23:17:31.087407 7f1ad14facc0                     Options.is_fd_close_on_exec: 1
2024/09/19-23:17:31.087408 7f1ad14facc0                   Options.advise_random_on_open: 1
2024/09/19-23:17:31.087409 7f1ad14facc0                    Options.db_write_buffer_size: 0
2024/09/19-23:17:31.087409 7f1ad14facc0                    Options.write_buffer_manager: 0x562038a3ebe0
2024/09/19-23:17:31.087410 7f1ad14facc0         Options.access_hint_on_compaction_start: 1
2024/09/19-23:17:31.087417 7f1ad14facc0  Options.new_table_reader_for_compaction_inputs: 0
2024/09/19-23:17:31.087418 7f1ad14facc0           Options.random_access_max_buffer_size: 1048576
2024/09/19-23:17:31.087419 7f1ad14facc0                      Options.use_adaptive_mutex: 0
2024/09/19-23:17:31.087419 7f1ad14facc0                            Options.rate_limiter: (nil)
2024/09/19-23:17:31.087420 7f1ad14facc0     Options.sst_file_manager.rate_bytes_per_sec: 0
2024/09/19-23:17:31.087421 7f1ad14facc0                       Options.wal_recovery_mode: 2
2024/09/19-23:17:31.087422 7f1ad14facc0                  Options.enable_thread_tracking: 0
2024/09/19-23:17:31.087423 7f1ad14facc0                  Options.enable_pipelined_write: 0
2024/09/19-23:17:31.087423 7f1ad14facc0                  Options.unordered_write: 0
2024/09/19-23:17:31.087424 7f1ad14facc0         Options.allow_concurrent_memtable_write: 1
2024/09/19-23:17:31.087425 7f1ad14facc0      Options.enable_write_thread_adaptive_yield: 1
2024/09/19-23:17:31.087425 7f1ad14facc0             Options.write_thread_max_yield_usec: 100
2024/09/19-23:17:31.087426 7f1ad14facc0            Options.write_thread_slow_yield_usec: 3
2024/09/19-23:17:31.087427 7f1ad14facc0                               Options.row_cache: None
2024/09/19-23:17:31.087427 7f1ad14facc0                              Options.wal_filter: None
2024/09/19-23:17:31.087428 7f1ad14facc0             Options.avoid_flush_during_recovery: 0
2024/09/19-23:17:31.087429 7f1ad14facc0             Options.allow_ingest_behind: 0
2024/09/19-23:17:31.087429 7f1ad14facc0             Options.preserve_deletes: 0
2024/09/19-23:17:31.087430 7f1ad14facc0             Options.two_write_queues: 0
2024/09/19-23:17:31.087431 7f1ad14facc0             Options.manual_wal_flush: 0
2024/09/19-23:17:31.087431 7f1ad14facc0             Options.atomic_flush: 0
2024/09/19-23:17:31.087432 7f1ad14facc0             Options.avoid_unnecessary_blocking_io: 0
2024/09/19-23:17:31.087433 7f1ad14facc0                 Options.persist_stats_to_disk: 0
2024/09/19-23:17:31.087433 7f1ad14facc0                 Options.write_dbid_to_manifest: 0
2024/09/19-23:17:31.087434 7f1ad14facc0                 Options.log_readahead_size: 0
2024/09/19-23:17:31.087435 7f1ad14facc0                 Options.file_checksum_gen_factory: Unknown
2024/09/19-23:17:31.087435 7f1ad14facc0                 Options.best_efforts_recovery: 0
2024/09/19-23:17:31.087436 7f1ad14facc0                Options.max_bgerror_resume_count: 2147483647
2024/09/19-23:17:31.087437 7f1ad14facc0            Options.bgerror_resume_retry_interval: 1000000
2024/09/19-23:17:31.087438 7f1ad14facc0             Options.allow_data_in_errors: 0
2024/09/19-23:17:31.087438 7f1ad14facc0             Options.db_host_id: __hostname__
2024/09/19-23:17:31.087439 7f1ad14facc0             Options.max_background_jobs: 2
2024/09/19-23:17:31.087440 7f1ad14facc0             Options.max_background_compactions: -1
2024/09/19-23:17:31.087440 7f1ad14facc0             Options.max_subcompactions: 1
2024/09/19-23:17:31.087441 7f1ad14facc0             Options.avoid_flush_during_shutdown: 0
2024/09/19-23:17:31.087442 7f1ad14facc0           Options.writable_file_max_buffer_size: 1048576
2024/09/19-23:17:31.087442 7f1ad14facc0             Options.delayed_write_rate : 16777216
2024/09/19-23:17:31.087443 7f1ad14facc0             Options.max_total_wal_size: 0
2024/09/19-23:17:31.087444 7f1ad14facc0             Options.delete_obsolete_files_period_micros: 21600000000
2024/09/19-23:17:31.087444 7f1ad14facc0                   Options.stats_dump_period_sec: 600
2024/09/19-23:17:31.087445 7f1ad14facc0                 Options.stats_persist_period_sec: 600
2024/09/19-23:17:31.087446 7f1ad14facc0                 Options.stats_history_buffer_size: 1048576
2024/09/19-23:17:31.087447 7f1ad14facc0                          Options.max_open_files: -1
2024/09/19-23:17:31.087447 7f1ad14facc0                          Options.bytes_per_sync: 0
2024/09/19-23:17:31.087448 7f1ad14facc0                      Options.wal_bytes_per_sync: 0
2024/09/19-23:17:31.087449 7f1ad14facc0                   Options.strict_bytes_per_sync: 0
2024/09/19-23:17:31.087452 7f1ad14facc0       Options.compaction_readahead_size: 0
2024/09/19-23:17:31.087453 7f1ad14facc0                  Options.max_background_flushes: -1
2024/09/19-23:17:31.087454 7f1ad14facc0 Compression algorithms supported:
2024/09/19-23:17:31.087455 7f1ad14facc0 	kZSTDNotFinalCompression supported: 1
2024/09/19-23:17:31.087458 7f1ad14facc0 	kZSTD supported: 1
2024/09/19-23:17:31.087459 7f1ad14facc0 	kXpressCompression supported: 0
2024/09/19-23:17:31.087460 7f1ad14facc0 	kLZ4HCCompression supported: 1
2024/09/19-23:17:31.087461 7f1ad14facc0 	kLZ4Compression supported: 1
2024/09/19-23:17:31.087462 7f1ad14facc0 	kBZip2Compression supported: 1
2024/09/19-23:17:31.087462 7f1ad14facc0 	kZlibCompression supported: 1
2024/09/19-23:17:31.087463 7f1ad14facc0 	kSnappyCompression supported: 1
2024/09/19-23:17:31.087468 7f1ad14facc0 Fast CRC32 supported: Supported on x86
2024/09/19-23:17:31.087954 7f1ad14facc0 [db/version_set.cc:4758] Recovering from manifest file: /home/humaid/ic-projects/opend/.dfx/state/replicated_state/node-100/ic_consensus_pool/consensus/MANIFEST-000871
2024/09/19-23:17:31.088154 7f1ad14facc0 [db/column_family.cc:595] --------------- Options for column family [default]:
2024/09/19-23:17:31.088158 7f1ad14facc0               Options.comparator: leveldb.BytewiseComparator
2024/09/19-23:17:31.088160 7f1ad14facc0           Options.merge_operator: None
2024/09/19-23:17:31.088161 7f1ad14facc0        Options.compaction_filter: None
2024/09/19-23:17:31.088163 7f1ad14facc0        Options.compaction_filter_factory: None
2024/09/19-23:17:31.088164 7f1ad14facc0  Options.sst_partitioner_factory: None
2024/09/19-23:17:31.088165 7f1ad14facc0         Options.memtable_factory: SkipListFactory
2024/09/19-23:17:31.088166 7f1ad14facc0            Options.table_factory: BlockBasedTable
2024/09/19-23:17:31.088199 7f1ad14facc0            table_factory options:   flush_block_policy_factory: FlushBlockBySizePolicyFactory (0x562038a3a890)
  cache_index_and_filter_blocks: 0
  cache_index_and_filter_blocks_with_high_priority: 1
  pin_l0_filter_and_index_blocks_in_cache: 0
  pin_top_level_index_and_filter: 1
  index_type: 0
  data_block_index_type: 0
  index_shortening: 1
  data_block_hash_table_util_ratio: 0.750000
  hash_index_allow_collision: 1
  checksum: 1
  no_block_cache: 0
  block_cache: 0x562038a3a8e0
  block_cache_name: LRUCache
  block_cache_options:
    capacity : 8388608
    num_shard_bits : 4
    strict_capacity_limit : 0
    memory_allocator : None
    high_pri_pool_ratio: 0.000
  block_cache_compressed: (nil)
  persistent_cache: (nil)
  block_size: 4096
  block_size_deviation: 10
  block_restart_interval: 16
  index_block_restart_interval: 1
  metadata_block_size: 4096
  partition_filters: 0
  use_delta_encoding: 1
  filter_policy: nullptr
  whole_key_filtering: 1
  verify_compression: 0
  read_amp_bytes_per_bit: 0
  format_version: 4
  enable_index_compression: 1
  block_align: 0
2024/09/19-23:17:31.088206 7f1ad14facc0        Options.write_buffer_size: 67108864
2024/09/19-23:17:31.088208 7f1ad14facc0  Options.max_write_buffer_number: 2
2024/09/19-23:17:31.088209 7f1ad14facc0          Options.compression: Snappy
2024/09/19-23:17:31.088211 7f1ad14facc0                  Options.bottommost_compression: Disabled
2024/09/19-23:17:31.088212 7f1ad14facc0       Options.prefix_extractor: nullptr
2024/09/19-23:17:31.088214 7f1ad14facc0   Options.memtable_insert_with_hint_prefix_extractor: nullptr
2024/09/19-23:17:31.088215 7f1ad14facc0             Options.num_levels: 7
2024/09/19-23:17:31.088216 7f1ad14facc0        Options.min_write_buffer_number_to_merge: 1
2024/09/19-23:17:31.088217 7f1ad14facc0     Options.max_write_buffer_number_to_maintain: 0
2024/09/19-23:17:31.088219 7f1ad14facc0     Options.max_write_buffer_size_to_maintain: 0
2024/09/19-23:17:31.088220 7f1ad14facc0            Options.bottommost_compression_opts.window_bits: -14
2024/09/19-23:17:31.088221 7f1ad14facc0                  Options.bottommost_compression_opts.level: 32767
2024/09/19-23:17:31.088235 7f1ad14facc0               Options.bottommost_compression_opts.strategy: 0
2024/09/19-23:17:31.088236 7f1ad14facc0         Options.bottommost_compression_opts.max_dict_bytes: 0
2024/09/19-23:17:31.088238 7f1ad14facc0         Options.bottommost_compression_opts.zstd_max_train_bytes: 0
2024/09/19-23:17:31.088239 7f1ad14facc0         Options.bottommost_compression_opts.parallel_threads: 1
2024/09/19-23:17:31.088240 7f1ad14facc0                  Options.bottommost_compression_opts.enabled: false
2024/09/19-23:17:31.088242 7f1ad14facc0            Options.compression_opts.window_bits: -14
2024/09/19-23:17:31.088243 7f1ad14facc0                  Options.compression_opts.level: 32767
2024/09/19-23:17:31.088244 7f1ad14facc0               Options.compression_opts.strategy: 0
2024/09/19-23:17:31.088246 7f1ad14facc0         Options.compression_opts.max_dict_bytes: 0
2024/09/19-23:17:31.088247 7f1ad14facc0         Options.compression_opts.zstd_max_train_bytes: 0
2024/09/19-23:17:31.088248 7f1ad14facc0         Options.compression_opts.parallel_threads: 1
2024/09/19-23:17:31.088249 7f1ad14facc0                  Options.compression_opts.enabled: false
2024/09/19-23:17:31.088250 7f1ad14facc0      Options.level0_file_num_compaction_trigger: 4
2024/09/19-23:17:31.088252 7f1ad14facc0          Options.level0_slowdown_writes_trigger: 20
2024/09/19-23:17:31.088253 7f1ad14facc0              Options.level0_stop_writes_trigger: 36
2024/09/19-23:17:31.088254 7f1ad14facc0                   Options.target_file_size_base: 67108864
2024/09/19-23:17:31.088256 7f1ad14facc0             Options.target_file_size_multiplier: 1
2024/09/19-23:17:31.088257 7f1ad14facc0                Options.max_bytes_for_level_base: 268435456
2024/09/19-23:17:31.088258 7f1ad14facc0 Options.level_compaction_dynamic_level_bytes: 0
2024/09/19-23:17:31.088259 7f1ad14facc0          Options.max_bytes_for_level_multiplier: 10.000000
2024/09/19-23:17:31.088262 7f1ad14facc0 Options.max_bytes_for_level_multiplier_addtl[0]: 1
2024/09/19-23:17:31.088264 7f1ad14facc0 Options.max_bytes_for_level_multiplier_addtl[1]: 1
2024/09/19-23:17:31.088265 7f1ad14facc0 Options.max_bytes_for_level_multiplier_addtl[2]: 1
2024/09/19-23:17:31.088266 7f1ad14facc0 Options.max_bytes_for_level_multiplier_addtl[3]: 1
2024/09/19-23:17:31.088268 7f1ad14facc0 Options.max_bytes_for_level_multiplier_addtl[4]: 1
2024/09/19-23:17:31.088269 7f1ad14facc0 Options.max_bytes_for_level_multiplier_addtl[5]: 1
2024/09/19-23:17:31.088270 7f1ad14facc0 Options.max_bytes_for_level_multiplier_addtl[6]: 1
2024/09/19-23:17:31.088271 7f1ad14facc0       Options.max_sequential_skip_in_iterations: 8
2024/09/19-23:17:31.088272 7f1ad14facc0                    Options.max_compaction_bytes: 1677721600
2024/09/19-23:17:31.088274 7f1ad14facc0                        Options.arena_block_size: 8388608
2024/09/19-23:17:31.088275 7f1ad14facc0   Options.soft_pending_compaction_bytes_limit: 68719476736
2024/09/19-23:17:31.088276 7f1ad14facc0   Options.hard_pending_compaction_bytes_limit: 274877906944
2024/09/19-23:17:31.088278 7f1ad14facc0       Options.rate_limit_delay_max_milliseconds: 100
2024/09/19-23:17:31.088279 7f1ad14facc0                Options.disable_auto_compactions: 0
2024/09/19-23:17:31.088282 7f1ad14facc0                        Options.compaction_style: kCompactionStyleLevel
2024/09/19-23:17:31.088283 7f1ad14facc0                          Options.compaction_pri: kMinOverlappingRatio
2024/09/19-23:17:31.088285 7f1ad14facc0 Options.compaction_options_universal.size_ratio: 1
2024/09/19-23:17:31.088286 7f1ad14facc0 Options.compaction_options_universal.min_merge_width: 2
2024/09/19-23:17:31.088287 7f1ad14facc0 Options.compaction_options_universal.max_merge_width: 4294967295
2024/09/19-23:17:31.088288 7f1ad14facc0 Options.compaction_options_universal.max_size_amplification_percent: 200
2024/09/19-23:17:31.088290 7f1ad14facc0 Options.compaction_options_universal.compression_size_percent: -1
2024/09/19-23:17:31.088291 7f1ad14facc0 Options.compaction_options_universal.stop_style: kCompactionStopStyleTotalSize
2024/09/19-23:17:31.088297 7f1ad14facc0 Options.compaction_options_fifo.max_table_files_size: 1073741824
2024/09/19-23:17:31.088298 7f1ad14facc0 Options.compaction_options_fifo.allow_compaction: 0
2024/09/19-23:17:31.088302 7f1ad14facc0                   Options.table_properties_collectors: 
2024/09/19-23:17:31.088303 7f1ad14facc0                   Options.inplace_update_support: 0
2024/09/19-23:17:31.088304 7f1ad14facc0                 Options.inplace_update_num_locks: 10000
2024/09/19-23:17:31.088305 7f1ad14facc0               Options.memtable_prefix_bloom_size_ratio: 0.000000
2024/09/19-23:17:31.088307 7f1ad14facc0               Options.memtable_whole_key_filtering: 0
2024/09/19-23:17:31.088307 7f1ad14facc0   Options.memtable_huge_page_size: 0
2024/09/19-23:17:31.088308 7f1ad14facc0                           Options.bloom_locality: 0
2024/09/19-23:17:31.088309 7f1ad14facc0                    Options.max_successive_merges: 0
2024/09/19-23:17:31.088310 7f1ad14facc0                Options.optimize_filters_for_hits: 0
2024/09/19-23:17:31.088311 7f1ad14facc0                Options.paranoid_file_checks: 0
2024/09/19-23:17:31.088312 7f1ad14facc0                Options.force_consistency_checks: 1
2024/09/19-23:17:31.088313 7f1ad14facc0                Options.report_bg_io_stats: 0
2024/09/19-23:17:31.088314 7f1ad14facc0                               Options.ttl: 2592000
2024/09/19-23:17:31.088315 7f1ad14facc0          Options.periodic_compaction_seconds: 0
2024/09/19-23:17:31.088316 7f1ad14facc0                    Options.enable_blob_files: false
2024/09/19-23:17:31.088317 7f1ad14facc0                        Options.min_blob_size: 0
2024/09/19-23:17:31.088318 7f1ad14facc0                       Options.blob_file_size: 268435456
2024/09/19-23:17:31.088319 7f1ad14facc0                Options.blob_compression_type: NoCompression
2024/09/19-23:17:31.088320 7f1ad14facc0       Options.enable_blob_garbage_collection: false
2024/09/19-23:17:31.088321 7f1ad14facc0   Options.blob_garbage_collection_age_cutoff: 0.250000
2024/09/19-23:17:31.089768 7f1ad14facc0 [db/column_family.cc:595] --------------- Options for column family [RB]:
2024/09/19-23:17:31.089773 7f1ad14facc0               Options.comparator: leveldb.BytewiseComparator
2024/09/19-23:17:31.089774 7f1ad14facc0           Options.merge_operator: None
2024/09/19-23:17:31.089777 7f1ad14facc0        Options.compaction_filter: filter_outdated
2024/09/19-23:17:31.089778 7f1ad14facc0        Options.compaction_filter_factory: None
2024/09/19-23:17:31.089778 7f1ad14facc0  Options.sst_partitioner_factory: None
2024/09/19-23:17:31.089779 7f1ad14facc0         Options.memtable_factory: SkipListFactory
2024/09/19-23:17:31.089780 7f1ad14facc0            Options.table_factory: BlockBasedTable
2024/09/19-23:17:31.089799 7f1ad14facc0            table_factory options:   flush_block_policy_factory: FlushBlockBySizePolicyFactory (0x562038a20a90)
  cache_index_and_filter_blocks: 0
  cache_index_and_filter_blocks_with_high_priority: 1
  pin_l0_filter_and_index_blocks_in_cache: 0
  pin_top_level_index_and_filter: 1
  index_type: 0
  data_block_index_type: 0
  index_shortening: 1
  data_block_hash_table_util_ratio: 0.750000
  hash_index_allow_collision: 1
  checksum: 1
  no_block_cache: 0
  block_cache: 0x562038a20ae0
  block_cache_name: LRUCache
  block_cache_options:
    capacity : 8388608
    num_shard_bits : 4
    strict_capacity_limit : 0
    memory_allocator : None
    high_pri_pool_ratio: 0.000
  block_cache_compressed: (nil)
  persistent_cache: (nil)
  block_size: 4096
  block_size_deviation: 10
  block_restart_interval: 16
  index_block_restart_interval: 1
  metadata_block_size: 4096
  partition_filters: 0
  use_delta_encoding: 1
  filter_policy: nullptr
  whole_key_filtering: 1
  verify_compression: 0
  read_amp_bytes_per_bit: 0
  format_version: 4
  enable_index_compression: 1
  block_align: 0
2024/09/19-23:17:31.089805 7f1ad14facc0        Options.write_buffer_size: 67108864
2024/09/19-23:17:31.089806 7f1ad14facc0  Options.max_write_buffer_number: 2
2024/09/19-23:17:31.089807 7f1ad14facc0          Options.compression: NoCompression
2024/09/19-23:17:31.089816 7f1ad14facc0                  Options.bottommost_compression: Disabled
2024/09/19-23:17:31.089817 7f1ad14facc0       Options.prefix_extractor: nullptr
2024/09/19-23:17:31.089818 7f1ad14facc0   Options.memtable_insert_with_hint_prefix_extractor: nullptr
2024/09/19-23:17:31.089818 7f1ad14facc0             Options.num_levels: 7
2024/09/19-23:17:31.089819 7f1ad14facc0        Options.min_write_buffer_number_to_merge: 1
2024/09/19-23:17:31.089820 7f1ad14facc0     Options.max_write_buffer_number_to_maintain: 0
2024/09/19-23:17:31.089820 7f1ad14facc0     Options.max_write_buffer_size_to_maintain: 0
2024/09/19-23:17:31.089821 7f1ad14facc0            Options.bottommost_compression_opts.window_bits: -14
2024/09/19-23:17:31.089822 7f1ad14facc0                  Options.bottommost_compression_opts.level: 32767
2024/09/19-23:17:31.089822 7f1ad14facc0               Options.bottommost_compression_opts.strategy: 0
2024/09/19-23:17:31.089823 7f1ad14facc0         Options.bottommost_compression_opts.max_dict_bytes: 0
2024/09/19-23:17:31.089824 7f1ad14facc0         Options.bottommost_compression_opts.zstd_max_train_bytes: 0
2024/09/19-23:17:31.089824 7f1ad14facc0         Options.bottommost_compression_opts.parallel_threads: 1
2024/09/19-23:17:31.089825 7f1ad14facc0                  Options.bottommost_compression_opts.enabled: false
2024/09/19-23:17:31.089826 7f1ad14facc0            Options.compression_opts.window_bits: -14
2024/09/19-23:17:31.089826 7f1ad14facc0                  Options.compression_opts.level: 32767
2024/09/19-23:17:31.089827 7f1ad14facc0               Options.compression_opts.strategy: 0
2024/09/19-23:17:31.089828 7f1ad14facc0         Options.compression_opts.max_dict_bytes: 0
2024/09/19-23:17:31.089828 7f1ad14facc0         Options.compression_opts.zstd_max_train_bytes: 0
2024/09/19-23:17:31.089829 7f1ad14facc0         Options.compression_opts.parallel_threads: 1
2024/09/19-23:17:31.089830 7f1ad14facc0                  Options.compression_opts.enabled: false
2024/09/19-23:17:31.089830 7f1ad14facc0      Options.level0_file_num_compaction_trigger: 4
2024/09/19-23:17:31.089831 7f1ad14facc0          Options.level0_slowdown_writes_trigger: 20
2024/09/19-23:17:31.089832 7f1ad14facc0              Options.level0_stop_writes_trigger: 36
2024/09/19-23:17:31.089832 7f1ad14facc0                   Options.target_file_size_base: 67108864
2024/09/19-23:17:31.089833 7f1ad14facc0             Options.target_file_size_multiplier: 1
2024/09/19-23:17:31.089834 7f1ad14facc0                Options.max_bytes_for_level_base: 268435456
2024/09/19-23:17:31.089834 7f1ad14facc0 Options.level_compaction_dynamic_level_bytes: 0
2024/09/19-23:17:31.089835 7f1ad14facc0          Options.max_bytes_for_level_multiplier: 10.000000
2024/09/19-23:17:31.089836 7f1ad14facc0 Options.max_bytes_for_level_multiplier_addtl[0]: 1
2024/09/19-23:17:31.089837 7f1ad14facc0 Options.max_bytes_for_level_multiplier_addtl[1]: 1
2024/09/19-23:17:31.089838 7f1ad14facc0 Options.max_bytes_for_level_multiplier_addtl[2]: 1
2024/09/19-23:17:31.089839 7f1ad14facc0 Options.max_bytes_for_level_multiplier_addtl[3]: 1
2024/09/19-23:17:31.089839 7f1ad14facc0 Options.max_bytes_for_level_multiplier_addtl[4]: 1
2024/09/19-23:17:31.089840 7f1ad14facc0 Options.max_bytes_for_level_multiplier_addtl[5]: 1
2024/09/19-23:17:31.089840 7f1ad14facc0 Options.max_bytes_for_level_multiplier_addtl[6]: 1
2024/09/19-23:17:31.089841 7f1ad14facc0       Options.max_sequential_skip_in_iterations: 8
2024/09/19-23:17:31.089842 7f1ad14facc0                    Options.max_compaction_bytes: 1677721600
2024/09/19-23:17:31.089842 7f1ad14facc0                        Options.arena_block_size: 8388608
2024/09/19-23:17:31.089843 7f1ad14facc0   Options.soft_pending_compaction_bytes_limit: 68719476736
2024/09/19-23:17:31.089844 7f1ad14facc0   Options.hard_pending_compaction_bytes_limit: 274877906944
2024/09/19-23:17:31.089844 7f1ad14facc0       Options.rate_limit_delay_max_milliseconds: 100
2024/09/19-23:17:31.089845 7f1ad14facc0                Options.disable_auto_compactions: 1
2024/09/19-23:17:31.089849 7f1ad14facc0                        Options.compaction_style: kCompactionStyleLevel
2024/09/19-23:17:31.089850 7f1ad14facc0                          Options.compaction_pri: kMinOverlappingRatio
2024/09/19-23:17:31.089851 7f1ad14facc0 Options.compaction_options_universal.size_ratio: 1
2024/09/19-23:17:31.089852 7f1ad14facc0 Options.compaction_options_universal.min_merge_width: 2
2024/09/19-23:17:31.089852 7f1ad14facc0 Options.compaction_options_universal.max_merge_width: 4294967295
2024/09/19-23:17:31.089853 7f1ad14facc0 Options.compaction_options_universal.max_size_amplification_percent: 200
2024/09/19-23:17:31.089854 7f1ad14facc0 Options.compaction_options_universal.compression_size_percent: -1
2024/09/19-23:17:31.089854 7f1ad14facc0 Options.compaction_options_universal.stop_style: kCompactionStopStyleTotalSize
2024/09/19-23:17:31.089855 7f1ad14facc0 Options.compaction_options_fifo.max_table_files_size: 1073741824
2024/09/19-23:17:31.089856 7f1ad14facc0 Options.compaction_options_fifo.allow_compaction: 0
2024/09/19-23:17:31.089858 7f1ad14facc0                   Options.table_properties_collectors: 
2024/09/19-23:17:31.089859 7f1ad14facc0                   Options.inplace_update_support: 0
2024/09/19-23:17:31.089859 7f1ad14facc0                 Options.inplace_update_num_locks: 10000
2024/09/19-23:17:31.089860 7f1ad14facc0               Options.memtable_prefix_bloom_size_ratio: 0.000000
2024/09/19-23:17:31.089861 7f1ad14facc0               Options.memtable_whole_key_filtering: 0
2024/09/19-23:17:31.089862 7f1ad14facc0   Options.memtable_huge_page_size: 0
2024/09/19-23:17:31.089862 7f1ad14facc0                           Options.bloom_locality: 0
2024/09/19-23:17:31.089863 7f1ad14facc0                    Options.max_successive_merges: 0
2024/09/19-23:17:31.089864 7f1ad14facc0                Options.optimize_filters_for_hits: 0
2024/09/19-23:17:31.089864 7f1ad14facc0                Options.paranoid_file_checks: 0
2024/09/19-23:17:31.089865 7f1ad14facc0                Options.force_consistency_checks: 1
2024/09/19-23:17:31.089865 7f1ad14facc0                Options.report_bg_io_stats: 0
2024/09/19-23:17:31.089866 7f1ad14facc0                               Options.ttl: 2592000
2024/09/19-23:17:31.089867 7f1ad14facc0          Options.periodic_compaction_seconds: 2592000
2024/09/19-23:17:31.089867 7f1ad14facc0                    Options.enable_blob_files: false
2024/09/19-23:17:31.089868 7f1ad14facc0                        Options.min_blob_size: 0
2024/09/19-23:17:31.089869 7f1ad14facc0                       Options.blob_file_size: 268435456
2024/09/19-23:17:31.089869 7f1ad14facc0                Options.blob_compression_type: NoCompression
2024/09/19-23:17:31.089870 7f1ad14facc0       Options.enable_blob_garbage_collection: false
2024/09/19-23:17:31.089870 7f1ad14facc0   Options.blob_garbage_collection_age_cutoff: 0.250000
2024/09/19-23:17:31.089910 7f1ad14facc0 [db/column_family.cc:595] --------------- Options for column family [FZ]:
2024/09/19-23:17:31.089911 7f1ad14facc0               Options.comparator: leveldb.BytewiseComparator
2024/09/19-23:17:31.089912 7f1ad14facc0           Options.merge_operator: None
2024/09/19-23:17:31.089913 7f1ad14facc0        Options.compaction_filter: filter_outdated
2024/09/19-23:17:31.089913 7f1ad14facc0        Options.compaction_filter_factory: None
2024/09/19-23:17:31.089914 7f1ad14facc0  Options.sst_partitioner_factory: None
2024/09/19-23:17:31.089914 7f1ad14facc0         Options.memtable_factory: SkipListFactory
2024/09/19-23:17:31.089915 7f1ad14facc0            Options.table_factory: BlockBasedTable
2024/09/19-23:17:31.089926 7f1ad14facc0            table_factory options:   flush_block_policy_factory: FlushBlockBySizePolicyFactory (0x562038a22d20)
  cache_index_and_filter_blocks: 0
  cache_index_and_filter_blocks_with_high_priority: 1
  pin_l0_filter_and_index_blocks_in_cache: 0
  pin_top_level_index_and_filter: 1
  index_type: 0
  data_block_index_type: 0
  index_shortening: 1
  data_block_hash_table_util_ratio: 0.750000
  hash_index_allow_collision: 1
  checksum: 1
  no_block_cache: 0
  block_cache: 0x562038a22d70
  block_cache_name: LRUCache
  block_cache_options:
    capacity : 8388608
    num_shard_bits : 4
    strict_capacity_limit : 0
    memory_allocator : None
    high_pri_pool_ratio: 0.000
  block_cache_compressed: (nil)
  persistent_cache: (nil)
  block_size: 4096
  block_size_deviation: 10
  block_restart_interval: 16
  index_block_restart_interval: 1
  metadata_block_size: 4096
  partition_filters: 0
  use_delta_encoding: 1
  filter_policy: nullptr
  whole_key_filtering: 1
  verify_compression: 0
  read_amp_bytes_per_bit: 0
  format_version: 4
  enable_index_compression: 1
  block_align: 0
2024/09/19-23:17:31.089932 7f1ad14facc0        Options.write_buffer_size: 67108864
2024/09/19-23:17:31.089932 7f1ad14facc0  Options.max_write_buffer_number: 2
2024/09/19-23:17:31.089933 7f1ad14facc0          Options.compression: NoCompression
2024/09/19-23:17:31.089934 7f1ad14facc0                  Options.bottommost_compression: Disabled
2024/09/19-23:17:31.089934 7f1ad14facc0       Options.prefix_extractor: nullptr
2024/09/19-23:17:31.089935 7f1ad14facc0   Options.memtable_insert_with_hint_prefix_extractor: nullptr
2024/09/19-23:17:31.089936 7f1ad14facc0             Options.num_levels: 7
2024/09/19-23:17:31.089936 7f1ad14facc0        Options.min_write_buffer_number_to_merge: 1
2024/09/19-23:17:31.089937 7f1ad14facc0     Options.max_write_buffer_number_to_maintain: 0
2024/09/19-23:17:31.089938 7f1ad14facc0     Options.max_write_buffer_size_to_maintain: 0
2024/09/19-23:17:31.089938 7f1ad14facc0            Options.bottommost_compression_opts.window_bits: -14
2024/09/19-23:17:31.089939 7f1ad14facc0                  Options.bottommost_compression_opts.level: 32767
2024/09/19-23:17:31.089939 7f1ad14facc0               Options.bottommost_compression_opts.strategy: 0
2024/09/19-23:17:31.089940 7f1ad14facc0         Options.bottommost_compression_opts.max_dict_bytes: 0
2024/09/19-23:17:31.089941 7f1ad14facc0         Options.bottommost_compression_opts.zstd_max_train_bytes: 0
2024/09/19-23:17:31.089941 7f1ad14facc0         Options.bottommost_compression_opts.parallel_threads: 1
2024/09/19-23:17:31.089942 7f1ad14facc0                  Options.bottommost_compression_opts.enabled: false
2024/09/19-23:17:31.089943 7f1ad14facc0            Options.compression_opts.window_bits: -14
2024/09/19-23:17:31.089943 7f1ad14facc0                  Options.compression_opts.level: 32767
2024/09/19-23:17:31.089944 7f1ad14facc0               Options.compression_opts.strategy: 0
2024/09/19-23:17:31.089945 7f1ad14facc0         Options.compression_opts.max_dict_bytes: 0
2024/09/19-23:17:31.089945 7f1ad14facc0         Options.compression_opts.zstd_max_train_bytes: 0
2024/09/19-23:17:31.089946 7f1ad14facc0         Options.compression_opts.parallel_threads: 1
2024/09/19-23:17:31.089946 7f1ad14facc0                  Options.compression_opts.enabled: false
2024/09/19-23:17:31.089947 7f1ad14facc0      Options.level0_file_num_compaction_trigger: 4
2024/09/19-23:17:31.089948 7f1ad14facc0          Options.level0_slowdown_writes_trigger: 20
2024/09/19-23:17:31.089948 7f1ad14facc0              Options.level0_stop_writes_trigger: 36
2024/09/19-23:17:31.089949 7f1ad14facc0                   Options.target_file_size_base: 67108864
2024/09/19-23:17:31.089950 7f1ad14facc0             Options.target_file_size_multiplier: 1
2024/09/19-23:17:31.089950 7f1ad14facc0                Options.max_bytes_for_level_base: 268435456
2024/09/19-23:17:31.089951 7f1ad14facc0 Options.level_compaction_dynamic_level_bytes: 0
2024/09/19-23:17:31.089951 7f1ad14facc0          Options.max_bytes_for_level_multiplier: 10.000000
2024/09/19-23:17:31.089952 7f1ad14facc0 Options.max_bytes_for_level_multiplier_addtl[0]: 1
2024/09/19-23:17:31.089953 7f1ad14facc0 Options.max_bytes_for_level_multiplier_addtl[1]: 1
2024/09/19-23:17:31.089954 7f1ad14facc0 Options.max_bytes_for_level_multiplier_addtl[2]: 1
2024/09/19-23:17:31.089955 7f1ad14facc0 Options.max_bytes_for_level_multiplier_addtl[3]: 1
2024/09/19-23:17:31.089955 7f1ad14facc0 Options.max_bytes_for_level_multiplier_addtl[4]: 1
2024/09/19-23:17:31.089958 7f1ad14facc0 Options.max_bytes_for_level_multiplier_addtl[5]: 1
2024/09/19-23:17:31.089959 7f1ad14facc0 Options.max_bytes_for_level_multiplier_addtl[6]: 1
2024/09/19-23:17:31.089960 7f1ad14facc0       Options.max_sequential_skip_in_iterations: 8
2024/09/19-23:17:31.089960 7f1ad14facc0                    Options.max_compaction_bytes: 1677721600
2024/09/19-23:17:31.089961 7f1ad14facc0                        Options.arena_block_size: 8388608
2024/09/19-23:17:31.089962 7f1ad14facc0   Options.soft_pending_compaction_bytes_limit: 68719476736
2024/09/19-23:17:31.089962 7f1ad14facc0   Options.hard_pending_compaction_bytes_limit: 274877906944
2024/09/19-23:17:31.089963 7f1ad14facc0       Options.rate_limit_delay_max_milliseconds: 100
2024/09/19-23:17:31.089964 7f1ad14facc0                Options.disable_auto_compactions: 1
2024/09/19-23:17:31.089964 7f1ad14facc0                        Options.compaction_style: kCompactionStyleLevel
2024/09/19-23:17:31.089965 7f1ad14facc0                          Options.compaction_pri: kMinOverlappingRatio
2024/09/19-23:17:31.089966 7f1ad14facc0 Options.compaction_options_universal.size_ratio: 1
2024/09/19-23:17:31.089966 7f1ad14facc0 Options.compaction_options_universal.min_merge_width: 2
2024/09/19-23:17:31.089967 7f1ad14facc0 Options.compaction_options_universal.max_merge_width: 4294967295
2024/09/19-23:17:31.089968 7f1ad14facc0 Options.compaction_options_universal.max_size_amplification_percent: 200
2024/09/19-23:17:31.089968 7f1ad14facc0 Options.compaction_options_universal.compression_size_percent: -1
2024/09/19-23:17:31.089969 7f1ad14facc0 Options.compaction_options_universal.stop_style: kCompactionStopStyleTotalSize
2024/09/19-23:17:31.089970 7f1ad14facc0 Options.compaction_options_fifo.max_table_files_size: 1073741824
2024/09/19-23:17:31.089970 7f1ad14facc0 Options.compaction_options_fifo.allow_compaction: 0
2024/09/19-23:17:31.089971 7f1ad14facc0                   Options.table_properties_collectors: 
2024/09/19-23:17:31.089972 7f1ad14facc0                   Options.inplace_update_support: 0
2024/09/19-23:17:31.089972 7f1ad14facc0                 Options.inplace_update_num_locks: 10000
2024/09/19-23:17:31.089973 7f1ad14facc0               Options.memtable_prefix_bloom_size_ratio: 0.000000
2024/09/19-23:17:31.089974 7f1ad14facc0               Options.memtable_whole_key_filtering: 0
2024/09/19-23:17:31.089974 7f1ad14facc0   Options.memtable_huge_page_size: 0
2024/09/19-23:17:31.089975 7f1ad14facc0                           Options.bloom_locality: 0
2024/09/19-23:17:31.089976 7f1ad14facc0                    Options.max_successive_merges: 0
2024/09/19-23:17:31.089976 7f1ad14facc0                Options.optimize_filters_for_hits: 0
2024/09/19-23:17:31.089977 7f1ad14facc0                Options.paranoid_file_checks: 0
2024/09/19-23:17:31.089978 7f1ad14facc0                Options.force_consistency_checks: 1
2024/09/19-23:17:31.089978 7f1ad14facc0                Options.report_bg_io_stats: 0
2024/09/19-23:17:31.089979 7f1ad14facc0                               Options.ttl: 2592000
2024/09/19-23:17:31.089979 7f1ad14facc0          Options.periodic_compaction_seconds: 2592000
2024/09/19-23:17:31.089980 7f1ad14facc0                    Options.enable_blob_files: false
2024/09/19-23:17:31.089981 7f1ad14facc0                        Options.min_blob_size: 0
2024/09/19-23:17:31.089981 7f1ad14facc0                       Options.blob_file_size: 268435456
2024/09/19-23:17:31.089982 7f1ad14facc0                Options.blob_compression_type: NoCompression
2024/09/19-23:17:31.089983 7f1ad14facc0       Options.enable_blob_garbage_collection: false
2024/09/19-23:17:31.089983 7f1ad14facc0   Options.blob_garbage_collection_age_cutoff: 0.250000
2024/09/19-23:17:31.090003 7f1ad14facc0 [db/column_family.cc:595] --------------- Options for column family [NZ]:
2024/09/19-23:17:31.090004 7f1ad14facc0               Options.comparator: leveldb.BytewiseComparator
2024/09/19-23:17:31.090005 7f1ad14facc0           Options.merge_operator: None
2024/09/19-23:17:31.090008 7f1ad14facc0        Options.compaction_filter: filter_outdated
2024/09/19-23:17:31.090009 7f1ad14facc0        Options.compaction_filter_factory: None
2024/09/19-23:17:31.090010 7f1ad14facc0  Options.sst_partitioner_factory: None
2024/09/19-23:17:31.090010 7f1ad14facc0         Options.memtable_factory: SkipListFactory
2024/09/19-23:17:31.090011 7f1ad14facc0            Options.table_factory: BlockBasedTable
2024/09/19-23:17:31.090022 7f1ad14facc0            table_factory options:   flush_block_policy_factory: FlushBlockBySizePolicyFactory (0x562038a24fd0)
  cache_index_and_filter_blocks: 0
  cache_index_and_filter_blocks_with_high_priority: 1
  pin_l0_filter_and_index_blocks_in_cache: 0
  pin_top_level_index_and_filter: 1
  index_type: 0
  data_block_index_type: 0
  index_shortening: 1
  data_block_hash_table_util_ratio: 0.750000
  hash_index_allow_collision: 1
  checksum: 1
  no_block_cache: 0
  block_cache: 0x562038a25020
  block_cache_name: LRUCache
  block_cache_options:
    capacity : 8388608
    num_shard_bits : 4
    strict_capacity_limit : 0
    memory_allocator : None
    high_pri_pool_ratio: 0.000
  block_cache_compressed: (nil)
  persistent_cache: (nil)
  block_size: 4096
  block_size_deviation: 10
  block_restart_interval: 16
  index_block_restart_interval: 1
  metadata_block_size: 4096
  partition_filters: 0
  use_delta_encoding: 1
  filter_policy: nullptr
  whole_key_filtering: 1
  verify_compression: 0
  read_amp_bytes_per_bit: 0
  format_version: 4
  enable_index_compression: 1
  block_align: 0
2024/09/19-23:17:31.090024 7f1ad14facc0        Options.write_buffer_size: 67108864
2024/09/19-23:17:31.090025 7f1ad14facc0  Options.max_write_buffer_number: 2
2024/09/19-23:17:31.090025 7f1ad14facc0          Options.compression: NoCompression
2024/09/19-23:17:31.090026 7f1ad14facc0                  Options.bottommost_compression: Disabled
2024/09/19-23:17:31.090027 7f1ad14facc0       Options.prefix_extractor: nullptr
2024/09/19-23:17:31.090027 7f1ad14facc0   Options.memtable_insert_with_hint_prefix_extractor: nullptr
2024/09/19-23:17:31.090028 7f1ad14facc0             Options.num_levels: 7
2024/09/19-23:17:31.090029 7f1ad14facc0        Options.min_write_buffer_number_to_merge: 1
2024/09/19-23:17:31.090029 7f1ad14facc0     Options.max_write_buffer_number_to_maintain: 0
2024/09/19-23:17:31.090030 7f1ad14facc0     Options.max_write_buffer_size_to_maintain: 0
2024/09/19-23:17:31.090031 7f1ad14facc0            Options.bottommost_compression_opts.window_bits: -14
2024/09/19-23:17:31.090031 7f1ad14facc0                  Options.bottommost_compression_opts.level: 32767
2024/09/19-23:17:31.090032 7f1ad14facc0               Options.bottommost_compression_opts.strategy: 0
2024/09/19-23:17:31.090032 7f1ad14facc0         Options.bottommost_compression_opts.max_dict_bytes: 0
2024/09/19-23:17:31.090033 7f1ad14facc0         Options.bottommost_compression_opts.zstd_max_train_bytes: 0
2024/09/19-23:17:31.090034 7f1ad14facc0         Options.bottommost_compression_opts.parallel_threads: 1
