2024/09/19-23:17:31.410913 7f1ad14facc0 RocksDB version: 6.17.0
2024/09/19-23:17:31.411027 7f1ad14facc0 Git sha 0
2024/09/19-23:17:31.411069 7f1ad14facc0 DB SUMMARY
2024/09/19-23:17:31.411071 7f1ad14facc0 DB Session ID:  G2TK62EAT8HE5JNX767V
2024/09/19-23:17:31.411107 7f1ad14facc0 CURRENT file:  CURRENT
2024/09/19-23:17:31.411109 7f1ad14facc0 IDENTITY file:  IDENTITY
2024/09/19-23:17:31.411113 7f1ad14facc0 MANIFEST file:  MANIFEST-000238 size: 1786 Bytes
2024/09/19-23:17:31.411115 7f1ad14facc0 SST files in /home/humaid/ic-projects/opend/.dfx/state/replicated_state/node-100/ic_consensus_pool/certification dir, Total Num: 2, files: 000246.sst 000249.sst 
2024/09/19-23:17:31.411117 7f1ad14facc0 Write Ahead Log file in /home/humaid/ic-projects/opend/.dfx/state/replicated_state/node-100/ic_consensus_pool/certification: 000244.log size: 221 ; 000247.log size: 1815143 ; 
2024/09/19-23:17:31.411119 7f1ad14facc0                         Options.error_if_exists: 0
2024/09/19-23:17:31.411121 7f1ad14facc0                       Options.create_if_missing: 1
2024/09/19-23:17:31.411122 7f1ad14facc0                         Options.paranoid_checks: 1
2024/09/19-23:17:31.411123 7f1ad14facc0                               Options.track_and_verify_wals_in_manifest: 0
2024/09/19-23:17:31.411124 7f1ad14facc0                                     Options.env: 0x561ffe3fb380
2024/09/19-23:17:31.411126 7f1ad14facc0                                      Options.fs: Posix File System
2024/09/19-23:17:31.411127 7f1ad14facc0                                Options.info_log: 0x562038a24d00
2024/09/19-23:17:31.411128 7f1ad14facc0                Options.max_file_opening_threads: 16
2024/09/19-23:17:31.411129 7f1ad14facc0                              Options.statistics: (nil)
2024/09/19-23:17:31.411131 7f1ad14facc0                               Options.use_fsync: 1
2024/09/19-23:17:31.411132 7f1ad14facc0                       Options.max_log_file_size: 0
2024/09/19-23:17:31.411133 7f1ad14facc0                  Options.max_manifest_file_size: 1073741824
2024/09/19-23:17:31.411134 7f1ad14facc0                   Options.log_file_time_to_roll: 0
2024/09/19-23:17:31.411135 7f1ad14facc0                       Options.keep_log_file_num: 1000
2024/09/19-23:17:31.411136 7f1ad14facc0                    Options.recycle_log_file_num: 0
2024/09/19-23:17:31.411137 7f1ad14facc0                         Options.allow_fallocate: 1
2024/09/19-23:17:31.411138 7f1ad14facc0                        Options.allow_mmap_reads: 0
2024/09/19-23:17:31.411139 7f1ad14facc0                       Options.allow_mmap_writes: 0
2024/09/19-23:17:31.411140 7f1ad14facc0                        Options.use_direct_reads: 0
2024/09/19-23:17:31.411141 7f1ad14facc0                        Options.use_direct_io_for_flush_and_compaction: 0
2024/09/19-23:17:31.411142 7f1ad14facc0          Options.create_missing_column_families: 1
2024/09/19-23:17:31.411143 7f1ad14facc0                              Options.db_log_dir: 
2024/09/19-23:17:31.411145 7f1ad14facc0                                 Options.wal_dir: /home/humaid/ic-projects/opend/.dfx/state/replicated_state/node-100/ic_consensus_pool/certification
2024/09/19-23:17:31.411146 7f1ad14facc0                Options.table_cache_numshardbits: 6
2024/09/19-23:17:31.411147 7f1ad14facc0                         Options.WAL_ttl_seconds: 0
2024/09/19-23:17:31.411148 7f1ad14facc0                       Options.WAL_size_limit_MB: 0
2024/09/19-23:17:31.411149 7f1ad14facc0                        Options.max_write_batch_group_size_bytes: 1048576
2024/09/19-23:17:31.411150 7f1ad14facc0             Options.manifest_preallocation_size: 4194304
2024/09/19-23:17:31.411151 7f1ad14facc0                     Options.is_fd_close_on_exec: 1
2024/09/19-23:17:31.411152 7f1ad14facc0                   Options.advise_random_on_open: 1
2024/09/19-23:17:31.411153 7f1ad14facc0                    Options.db_write_buffer_size: 0
2024/09/19-23:17:31.411154 7f1ad14facc0                    Options.write_buffer_manager: 0x562038b14820
2024/09/19-23:17:31.411155 7f1ad14facc0         Options.access_hint_on_compaction_start: 1
2024/09/19-23:17:31.411156 7f1ad14facc0  Options.new_table_reader_for_compaction_inputs: 0
2024/09/19-23:17:31.411166 7f1ad14facc0           Options.random_access_max_buffer_size: 1048576
2024/09/19-23:17:31.411168 7f1ad14facc0                      Options.use_adaptive_mutex: 0
2024/09/19-23:17:31.411169 7f1ad14facc0                            Options.rate_limiter: (nil)
2024/09/19-23:17:31.411170 7f1ad14facc0     Options.sst_file_manager.rate_bytes_per_sec: 0
2024/09/19-23:17:31.411171 7f1ad14facc0                       Options.wal_recovery_mode: 2
2024/09/19-23:17:31.411172 7f1ad14facc0                  Options.enable_thread_tracking: 0
2024/09/19-23:17:31.411173 7f1ad14facc0                  Options.enable_pipelined_write: 0
2024/09/19-23:17:31.411174 7f1ad14facc0                  Options.unordered_write: 0
2024/09/19-23:17:31.411176 7f1ad14facc0         Options.allow_concurrent_memtable_write: 1
2024/09/19-23:17:31.411177 7f1ad14facc0      Options.enable_write_thread_adaptive_yield: 1
2024/09/19-23:17:31.411178 7f1ad14facc0             Options.write_thread_max_yield_usec: 100
2024/09/19-23:17:31.411179 7f1ad14facc0            Options.write_thread_slow_yield_usec: 3
2024/09/19-23:17:31.411180 7f1ad14facc0                               Options.row_cache: None
2024/09/19-23:17:31.411181 7f1ad14facc0                              Options.wal_filter: None
2024/09/19-23:17:31.411182 7f1ad14facc0             Options.avoid_flush_during_recovery: 0
2024/09/19-23:17:31.411183 7f1ad14facc0             Options.allow_ingest_behind: 0
2024/09/19-23:17:31.411184 7f1ad14facc0             Options.preserve_deletes: 0
2024/09/19-23:17:31.411185 7f1ad14facc0             Options.two_write_queues: 0
2024/09/19-23:17:31.411187 7f1ad14facc0             Options.manual_wal_flush: 0
2024/09/19-23:17:31.411188 7f1ad14facc0             Options.atomic_flush: 0
2024/09/19-23:17:31.411189 7f1ad14facc0             Options.avoid_unnecessary_blocking_io: 0
2024/09/19-23:17:31.411190 7f1ad14facc0                 Options.persist_stats_to_disk: 0
2024/09/19-23:17:31.411191 7f1ad14facc0                 Options.write_dbid_to_manifest: 0
2024/09/19-23:17:31.411192 7f1ad14facc0                 Options.log_readahead_size: 0
2024/09/19-23:17:31.411193 7f1ad14facc0                 Options.file_checksum_gen_factory: Unknown
2024/09/19-23:17:31.411194 7f1ad14facc0                 Options.best_efforts_recovery: 0
2024/09/19-23:17:31.411195 7f1ad14facc0                Options.max_bgerror_resume_count: 2147483647
2024/09/19-23:17:31.411202 7f1ad14facc0            Options.bgerror_resume_retry_interval: 1000000
2024/09/19-23:17:31.411203 7f1ad14facc0             Options.allow_data_in_errors: 0
2024/09/19-23:17:31.411204 7f1ad14facc0             Options.db_host_id: __hostname__
2024/09/19-23:17:31.411205 7f1ad14facc0             Options.max_background_jobs: 2
2024/09/19-23:17:31.411206 7f1ad14facc0             Options.max_background_compactions: -1
2024/09/19-23:17:31.411207 7f1ad14facc0             Options.max_subcompactions: 1
2024/09/19-23:17:31.411208 7f1ad14facc0             Options.avoid_flush_during_shutdown: 0
2024/09/19-23:17:31.411209 7f1ad14facc0           Options.writable_file_max_buffer_size: 1048576
2024/09/19-23:17:31.411210 7f1ad14facc0             Options.delayed_write_rate : 16777216
2024/09/19-23:17:31.411211 7f1ad14facc0             Options.max_total_wal_size: 0
2024/09/19-23:17:31.411213 7f1ad14facc0             Options.delete_obsolete_files_period_micros: 21600000000
2024/09/19-23:17:31.411214 7f1ad14facc0                   Options.stats_dump_period_sec: 600
2024/09/19-23:17:31.411215 7f1ad14facc0                 Options.stats_persist_period_sec: 600
2024/09/19-23:17:31.411216 7f1ad14facc0                 Options.stats_history_buffer_size: 1048576
2024/09/19-23:17:31.411217 7f1ad14facc0                          Options.max_open_files: -1
2024/09/19-23:17:31.411218 7f1ad14facc0                          Options.bytes_per_sync: 0
2024/09/19-23:17:31.411219 7f1ad14facc0                      Options.wal_bytes_per_sync: 0
2024/09/19-23:17:31.411220 7f1ad14facc0                   Options.strict_bytes_per_sync: 0
2024/09/19-23:17:31.411226 7f1ad14facc0       Options.compaction_readahead_size: 0
2024/09/19-23:17:31.411227 7f1ad14facc0                  Options.max_background_flushes: -1
2024/09/19-23:17:31.411228 7f1ad14facc0 Compression algorithms supported:
2024/09/19-23:17:31.411230 7f1ad14facc0 	kZSTDNotFinalCompression supported: 1
2024/09/19-23:17:31.411231 7f1ad14facc0 	kZSTD supported: 1
2024/09/19-23:17:31.411233 7f1ad14facc0 	kXpressCompression supported: 0
2024/09/19-23:17:31.411234 7f1ad14facc0 	kLZ4HCCompression supported: 1
2024/09/19-23:17:31.411235 7f1ad14facc0 	kLZ4Compression supported: 1
2024/09/19-23:17:31.411236 7f1ad14facc0 	kBZip2Compression supported: 1
2024/09/19-23:17:31.411237 7f1ad14facc0 	kZlibCompression supported: 1
2024/09/19-23:17:31.411238 7f1ad14facc0 	kSnappyCompression supported: 1
2024/09/19-23:17:31.411244 7f1ad14facc0 Fast CRC32 supported: Supported on x86
2024/09/19-23:17:31.411998 7f1ad14facc0 [db/version_set.cc:4758] Recovering from manifest file: /home/humaid/ic-projects/opend/.dfx/state/replicated_state/node-100/ic_consensus_pool/certification/MANIFEST-000238
2024/09/19-23:17:31.412122 7f1ad14facc0 [db/column_family.cc:595] --------------- Options for column family [default]:
2024/09/19-23:17:31.412125 7f1ad14facc0               Options.comparator: leveldb.BytewiseComparator
2024/09/19-23:17:31.412127 7f1ad14facc0           Options.merge_operator: None
2024/09/19-23:17:31.412128 7f1ad14facc0        Options.compaction_filter: None
2024/09/19-23:17:31.412129 7f1ad14facc0        Options.compaction_filter_factory: None
2024/09/19-23:17:31.412130 7f1ad14facc0  Options.sst_partitioner_factory: None
2024/09/19-23:17:31.412131 7f1ad14facc0         Options.memtable_factory: SkipListFactory
2024/09/19-23:17:31.412132 7f1ad14facc0            Options.table_factory: BlockBasedTable
2024/09/19-23:17:31.412153 7f1ad14facc0            table_factory options:   flush_block_policy_factory: FlushBlockBySizePolicyFactory (0x562038b15bc0)
  cache_index_and_filter_blocks: 0
  cache_index_and_filter_blocks_with_high_priority: 1
  pin_l0_filter_and_index_blocks_in_cache: 0
  pin_top_level_index_and_filter: 1
  index_type: 0
  data_block_index_type: 0
  index_shortening: 1
  data_block_hash_table_util_ratio: 0.750000
  hash_index_allow_collision: 1
  checksum: 1
  no_block_cache: 0
  block_cache: 0x562038c051a0
  block_cache_name: LRUCache
  block_cache_options:
    capacity : 8388608
    num_shard_bits : 4
    strict_capacity_limit : 0
    memory_allocator : None
    high_pri_pool_ratio: 0.000
  block_cache_compressed: (nil)
  persistent_cache: (nil)
  block_size: 4096
  block_size_deviation: 10
  block_restart_interval: 16
  index_block_restart_interval: 1
  metadata_block_size: 4096
  partition_filters: 0
  use_delta_encoding: 1
  filter_policy: nullptr
  whole_key_filtering: 1
  verify_compression: 0
  read_amp_bytes_per_bit: 0
  format_version: 4
  enable_index_compression: 1
  block_align: 0
2024/09/19-23:17:31.412155 7f1ad14facc0        Options.write_buffer_size: 67108864
2024/09/19-23:17:31.412156 7f1ad14facc0  Options.max_write_buffer_number: 2
2024/09/19-23:17:31.412158 7f1ad14facc0          Options.compression: Snappy
2024/09/19-23:17:31.412159 7f1ad14facc0                  Options.bottommost_compression: Disabled
2024/09/19-23:17:31.412160 7f1ad14facc0       Options.prefix_extractor: nullptr
2024/09/19-23:17:31.412161 7f1ad14facc0   Options.memtable_insert_with_hint_prefix_extractor: nullptr
2024/09/19-23:17:31.412162 7f1ad14facc0             Options.num_levels: 7
2024/09/19-23:17:31.412163 7f1ad14facc0        Options.min_write_buffer_number_to_merge: 1
2024/09/19-23:17:31.412164 7f1ad14facc0     Options.max_write_buffer_number_to_maintain: 0
2024/09/19-23:17:31.412165 7f1ad14facc0     Options.max_write_buffer_size_to_maintain: 0
2024/09/19-23:17:31.412166 7f1ad14facc0            Options.bottommost_compression_opts.window_bits: -14
2024/09/19-23:17:31.412168 7f1ad14facc0                  Options.bottommost_compression_opts.level: 32767
2024/09/19-23:17:31.412169 7f1ad14facc0               Options.bottommost_compression_opts.strategy: 0
2024/09/19-23:17:31.412182 7f1ad14facc0         Options.bottommost_compression_opts.max_dict_bytes: 0
2024/09/19-23:17:31.412183 7f1ad14facc0         Options.bottommost_compression_opts.zstd_max_train_bytes: 0
2024/09/19-23:17:31.412184 7f1ad14facc0         Options.bottommost_compression_opts.parallel_threads: 1
2024/09/19-23:17:31.412185 7f1ad14facc0                  Options.bottommost_compression_opts.enabled: false
2024/09/19-23:17:31.412187 7f1ad14facc0            Options.compression_opts.window_bits: -14
2024/09/19-23:17:31.412188 7f1ad14facc0                  Options.compression_opts.level: 32767
2024/09/19-23:17:31.412189 7f1ad14facc0               Options.compression_opts.strategy: 0
2024/09/19-23:17:31.412190 7f1ad14facc0         Options.compression_opts.max_dict_bytes: 0
2024/09/19-23:17:31.412191 7f1ad14facc0         Options.compression_opts.zstd_max_train_bytes: 0
2024/09/19-23:17:31.412192 7f1ad14facc0         Options.compression_opts.parallel_threads: 1
2024/09/19-23:17:31.412193 7f1ad14facc0                  Options.compression_opts.enabled: false
2024/09/19-23:17:31.412194 7f1ad14facc0      Options.level0_file_num_compaction_trigger: 4
2024/09/19-23:17:31.412195 7f1ad14facc0          Options.level0_slowdown_writes_trigger: 20
2024/09/19-23:17:31.412196 7f1ad14facc0              Options.level0_stop_writes_trigger: 36
2024/09/19-23:17:31.412198 7f1ad14facc0                   Options.target_file_size_base: 67108864
2024/09/19-23:17:31.412199 7f1ad14facc0             Options.target_file_size_multiplier: 1
2024/09/19-23:17:31.412200 7f1ad14facc0                Options.max_bytes_for_level_base: 268435456
2024/09/19-23:17:31.412201 7f1ad14facc0 Options.level_compaction_dynamic_level_bytes: 0
2024/09/19-23:17:31.412202 7f1ad14facc0          Options.max_bytes_for_level_multiplier: 10.000000
2024/09/19-23:17:31.412205 7f1ad14facc0 Options.max_bytes_for_level_multiplier_addtl[0]: 1
2024/09/19-23:17:31.412206 7f1ad14facc0 Options.max_bytes_for_level_multiplier_addtl[1]: 1
2024/09/19-23:17:31.412207 7f1ad14facc0 Options.max_bytes_for_level_multiplier_addtl[2]: 1
2024/09/19-23:17:31.412208 7f1ad14facc0 Options.max_bytes_for_level_multiplier_addtl[3]: 1
2024/09/19-23:17:31.412209 7f1ad14facc0 Options.max_bytes_for_level_multiplier_addtl[4]: 1
2024/09/19-23:17:31.412210 7f1ad14facc0 Options.max_bytes_for_level_multiplier_addtl[5]: 1
2024/09/19-23:17:31.412211 7f1ad14facc0 Options.max_bytes_for_level_multiplier_addtl[6]: 1
2024/09/19-23:17:31.412212 7f1ad14facc0       Options.max_sequential_skip_in_iterations: 8
2024/09/19-23:17:31.412213 7f1ad14facc0                    Options.max_compaction_bytes: 1677721600
2024/09/19-23:17:31.412215 7f1ad14facc0                        Options.arena_block_size: 8388608
2024/09/19-23:17:31.412216 7f1ad14facc0   Options.soft_pending_compaction_bytes_limit: 68719476736
2024/09/19-23:17:31.412217 7f1ad14facc0   Options.hard_pending_compaction_bytes_limit: 274877906944
2024/09/19-23:17:31.412218 7f1ad14facc0       Options.rate_limit_delay_max_milliseconds: 100
2024/09/19-23:17:31.412219 7f1ad14facc0                Options.disable_auto_compactions: 0
2024/09/19-23:17:31.412221 7f1ad14facc0                        Options.compaction_style: kCompactionStyleLevel
2024/09/19-23:17:31.412223 7f1ad14facc0                          Options.compaction_pri: kMinOverlappingRatio
2024/09/19-23:17:31.412224 7f1ad14facc0 Options.compaction_options_universal.size_ratio: 1
2024/09/19-23:17:31.412225 7f1ad14facc0 Options.compaction_options_universal.min_merge_width: 2
2024/09/19-23:17:31.412226 7f1ad14facc0 Options.compaction_options_universal.max_merge_width: 4294967295
2024/09/19-23:17:31.412227 7f1ad14facc0 Options.compaction_options_universal.max_size_amplification_percent: 200
2024/09/19-23:17:31.412228 7f1ad14facc0 Options.compaction_options_universal.compression_size_percent: -1
2024/09/19-23:17:31.412229 7f1ad14facc0 Options.compaction_options_universal.stop_style: kCompactionStopStyleTotalSize
2024/09/19-23:17:31.412231 7f1ad14facc0 Options.compaction_options_fifo.max_table_files_size: 1073741824
2024/09/19-23:17:31.412236 7f1ad14facc0 Options.compaction_options_fifo.allow_compaction: 0
2024/09/19-23:17:31.412240 7f1ad14facc0                   Options.table_properties_collectors: 
2024/09/19-23:17:31.412242 7f1ad14facc0                   Options.inplace_update_support: 0
2024/09/19-23:17:31.412243 7f1ad14facc0                 Options.inplace_update_num_locks: 10000
2024/09/19-23:17:31.412244 7f1ad14facc0               Options.memtable_prefix_bloom_size_ratio: 0.000000
2024/09/19-23:17:31.412246 7f1ad14facc0               Options.memtable_whole_key_filtering: 0
2024/09/19-23:17:31.412247 7f1ad14facc0   Options.memtable_huge_page_size: 0
2024/09/19-23:17:31.412248 7f1ad14facc0                           Options.bloom_locality: 0
2024/09/19-23:17:31.412249 7f1ad14facc0                    Options.max_successive_merges: 0
2024/09/19-23:17:31.412250 7f1ad14facc0                Options.optimize_filters_for_hits: 0
2024/09/19-23:17:31.412251 7f1ad14facc0                Options.paranoid_file_checks: 0
2024/09/19-23:17:31.412252 7f1ad14facc0                Options.force_consistency_checks: 1
2024/09/19-23:17:31.412253 7f1ad14facc0                Options.report_bg_io_stats: 0
2024/09/19-23:17:31.412254 7f1ad14facc0                               Options.ttl: 2592000
2024/09/19-23:17:31.412255 7f1ad14facc0          Options.periodic_compaction_seconds: 0
2024/09/19-23:17:31.412256 7f1ad14facc0                    Options.enable_blob_files: false
2024/09/19-23:17:31.412257 7f1ad14facc0                        Options.min_blob_size: 0
2024/09/19-23:17:31.412258 7f1ad14facc0                       Options.blob_file_size: 268435456
2024/09/19-23:17:31.412260 7f1ad14facc0                Options.blob_compression_type: NoCompression
2024/09/19-23:17:31.412261 7f1ad14facc0       Options.enable_blob_garbage_collection: false
2024/09/19-23:17:31.412262 7f1ad14facc0   Options.blob_garbage_collection_age_cutoff: 0.250000
2024/09/19-23:17:31.413026 7f1ad14facc0 [db/column_family.cc:595] --------------- Options for column family [CE]:
2024/09/19-23:17:31.413036 7f1ad14facc0               Options.comparator: leveldb.BytewiseComparator
2024/09/19-23:17:31.413037 7f1ad14facc0           Options.merge_operator: None
2024/09/19-23:17:31.413040 7f1ad14facc0        Options.compaction_filter: filter_outdated
2024/09/19-23:17:31.413041 7f1ad14facc0        Options.compaction_filter_factory: None
2024/09/19-23:17:31.413042 7f1ad14facc0  Options.sst_partitioner_factory: None
2024/09/19-23:17:31.413043 7f1ad14facc0         Options.memtable_factory: SkipListFactory
2024/09/19-23:17:31.413044 7f1ad14facc0            Options.table_factory: BlockBasedTable
2024/09/19-23:17:31.413067 7f1ad14facc0            table_factory options:   flush_block_policy_factory: FlushBlockBySizePolicyFactory (0x562038b12080)
  cache_index_and_filter_blocks: 0
  cache_index_and_filter_blocks_with_high_priority: 1
  pin_l0_filter_and_index_blocks_in_cache: 0
  pin_top_level_index_and_filter: 1
  index_type: 0
  data_block_index_type: 0
  index_shortening: 1
  data_block_hash_table_util_ratio: 0.750000
  hash_index_allow_collision: 1
  checksum: 1
  no_block_cache: 0
  block_cache: 0x562038c02920
  block_cache_name: LRUCache
  block_cache_options:
    capacity : 8388608
    num_shard_bits : 4
    strict_capacity_limit : 0
    memory_allocator : None
    high_pri_pool_ratio: 0.000
  block_cache_compressed: (nil)
  persistent_cache: (nil)
  block_size: 4096
  block_size_deviation: 10
  block_restart_interval: 16
  index_block_restart_interval: 1
  metadata_block_size: 4096
  partition_filters: 0
  use_delta_encoding: 1
  filter_policy: nullptr
  whole_key_filtering: 1
  verify_compression: 0
  read_amp_bytes_per_bit: 0
  format_version: 4
  enable_index_compression: 1
  block_align: 0
2024/09/19-23:17:31.413068 7f1ad14facc0        Options.write_buffer_size: 67108864
2024/09/19-23:17:31.413070 7f1ad14facc0  Options.max_write_buffer_number: 2
2024/09/19-23:17:31.413071 7f1ad14facc0          Options.compression: NoCompression
2024/09/19-23:17:31.413072 7f1ad14facc0                  Options.bottommost_compression: Disabled
2024/09/19-23:17:31.413088 7f1ad14facc0       Options.prefix_extractor: nullptr
2024/09/19-23:17:31.413090 7f1ad14facc0   Options.memtable_insert_with_hint_prefix_extractor: nullptr
2024/09/19-23:17:31.413091 7f1ad14facc0             Options.num_levels: 7
2024/09/19-23:17:31.413092 7f1ad14facc0        Options.min_write_buffer_number_to_merge: 1
2024/09/19-23:17:31.413093 7f1ad14facc0     Options.max_write_buffer_number_to_maintain: 0
2024/09/19-23:17:31.413094 7f1ad14facc0     Options.max_write_buffer_size_to_maintain: 0
2024/09/19-23:17:31.413096 7f1ad14facc0            Options.bottommost_compression_opts.window_bits: -14
2024/09/19-23:17:31.413097 7f1ad14facc0                  Options.bottommost_compression_opts.level: 32767
2024/09/19-23:17:31.413098 7f1ad14facc0               Options.bottommost_compression_opts.strategy: 0
2024/09/19-23:17:31.413099 7f1ad14facc0         Options.bottommost_compression_opts.max_dict_bytes: 0
2024/09/19-23:17:31.413100 7f1ad14facc0         Options.bottommost_compression_opts.zstd_max_train_bytes: 0
2024/09/19-23:17:31.413101 7f1ad14facc0         Options.bottommost_compression_opts.parallel_threads: 1
2024/09/19-23:17:31.413103 7f1ad14facc0                  Options.bottommost_compression_opts.enabled: false
2024/09/19-23:17:31.413104 7f1ad14facc0            Options.compression_opts.window_bits: -14
2024/09/19-23:17:31.413105 7f1ad14facc0                  Options.compression_opts.level: 32767
2024/09/19-23:17:31.413106 7f1ad14facc0               Options.compression_opts.strategy: 0
2024/09/19-23:17:31.413107 7f1ad14facc0         Options.compression_opts.max_dict_bytes: 0
2024/09/19-23:17:31.413108 7f1ad14facc0         Options.compression_opts.zstd_max_train_bytes: 0
2024/09/19-23:17:31.413109 7f1ad14facc0         Options.compression_opts.parallel_threads: 1
2024/09/19-23:17:31.413110 7f1ad14facc0                  Options.compression_opts.enabled: false
2024/09/19-23:17:31.413112 7f1ad14facc0      Options.level0_file_num_compaction_trigger: 4
2024/09/19-23:17:31.413113 7f1ad14facc0          Options.level0_slowdown_writes_trigger: 20
2024/09/19-23:17:31.413114 7f1ad14facc0              Options.level0_stop_writes_trigger: 36
2024/09/19-23:17:31.413115 7f1ad14facc0                   Options.target_file_size_base: 67108864
2024/09/19-23:17:31.413116 7f1ad14facc0             Options.target_file_size_multiplier: 1
2024/09/19-23:17:31.413117 7f1ad14facc0                Options.max_bytes_for_level_base: 268435456
2024/09/19-23:17:31.413118 7f1ad14facc0 Options.level_compaction_dynamic_level_bytes: 0
2024/09/19-23:17:31.413120 7f1ad14facc0          Options.max_bytes_for_level_multiplier: 10.000000
2024/09/19-23:17:31.413122 7f1ad14facc0 Options.max_bytes_for_level_multiplier_addtl[0]: 1
2024/09/19-23:17:31.413124 7f1ad14facc0 Options.max_bytes_for_level_multiplier_addtl[1]: 1
2024/09/19-23:17:31.413125 7f1ad14facc0 Options.max_bytes_for_level_multiplier_addtl[2]: 1
2024/09/19-23:17:31.413126 7f1ad14facc0 Options.max_bytes_for_level_multiplier_addtl[3]: 1
2024/09/19-23:17:31.413127 7f1ad14facc0 Options.max_bytes_for_level_multiplier_addtl[4]: 1
2024/09/19-23:17:31.413128 7f1ad14facc0 Options.max_bytes_for_level_multiplier_addtl[5]: 1
2024/09/19-23:17:31.413129 7f1ad14facc0 Options.max_bytes_for_level_multiplier_addtl[6]: 1
2024/09/19-23:17:31.413130 7f1ad14facc0       Options.max_sequential_skip_in_iterations: 8
2024/09/19-23:17:31.413132 7f1ad14facc0                    Options.max_compaction_bytes: 1677721600
2024/09/19-23:17:31.413133 7f1ad14facc0                        Options.arena_block_size: 8388608
2024/09/19-23:17:31.413134 7f1ad14facc0   Options.soft_pending_compaction_bytes_limit: 68719476736
2024/09/19-23:17:31.413135 7f1ad14facc0   Options.hard_pending_compaction_bytes_limit: 274877906944
2024/09/19-23:17:31.413136 7f1ad14facc0       Options.rate_limit_delay_max_milliseconds: 100
2024/09/19-23:17:31.413138 7f1ad14facc0                Options.disable_auto_compactions: 1
2024/09/19-23:17:31.413139 7f1ad14facc0                        Options.compaction_style: kCompactionStyleLevel
2024/09/19-23:17:31.413146 7f1ad14facc0                          Options.compaction_pri: kMinOverlappingRatio
2024/09/19-23:17:31.413147 7f1ad14facc0 Options.compaction_options_universal.size_ratio: 1
2024/09/19-23:17:31.413148 7f1ad14facc0 Options.compaction_options_universal.min_merge_width: 2
2024/09/19-23:17:31.413150 7f1ad14facc0 Options.compaction_options_universal.max_merge_width: 4294967295
2024/09/19-23:17:31.413151 7f1ad14facc0 Options.compaction_options_universal.max_size_amplification_percent: 200
2024/09/19-23:17:31.413152 7f1ad14facc0 Options.compaction_options_universal.compression_size_percent: -1
2024/09/19-23:17:31.413153 7f1ad14facc0 Options.compaction_options_universal.stop_style: kCompactionStopStyleTotalSize
2024/09/19-23:17:31.413154 7f1ad14facc0 Options.compaction_options_fifo.max_table_files_size: 1073741824
2024/09/19-23:17:31.413155 7f1ad14facc0 Options.compaction_options_fifo.allow_compaction: 0
2024/09/19-23:17:31.413159 7f1ad14facc0                   Options.table_properties_collectors: 
2024/09/19-23:17:31.413161 7f1ad14facc0                   Options.inplace_update_support: 0
2024/09/19-23:17:31.413162 7f1ad14facc0                 Options.inplace_update_num_locks: 10000
2024/09/19-23:17:31.413163 7f1ad14facc0               Options.memtable_prefix_bloom_size_ratio: 0.000000
2024/09/19-23:17:31.413165 7f1ad14facc0               Options.memtable_whole_key_filtering: 0
2024/09/19-23:17:31.413166 7f1ad14facc0   Options.memtable_huge_page_size: 0
2024/09/19-23:17:31.413167 7f1ad14facc0                           Options.bloom_locality: 0
2024/09/19-23:17:31.413168 7f1ad14facc0                    Options.max_successive_merges: 0
2024/09/19-23:17:31.413169 7f1ad14facc0                Options.optimize_filters_for_hits: 0
2024/09/19-23:17:31.413171 7f1ad14facc0                Options.paranoid_file_checks: 0
2024/09/19-23:17:31.413172 7f1ad14facc0                Options.force_consistency_checks: 1
2024/09/19-23:17:31.413173 7f1ad14facc0                Options.report_bg_io_stats: 0
2024/09/19-23:17:31.413174 7f1ad14facc0                               Options.ttl: 2592000
2024/09/19-23:17:31.413175 7f1ad14facc0          Options.periodic_compaction_seconds: 2592000
2024/09/19-23:17:31.413176 7f1ad14facc0                    Options.enable_blob_files: false
2024/09/19-23:17:31.413177 7f1ad14facc0                        Options.min_blob_size: 0
2024/09/19-23:17:31.413178 7f1ad14facc0                       Options.blob_file_size: 268435456
2024/09/19-23:17:31.413179 7f1ad14facc0                Options.blob_compression_type: NoCompression
2024/09/19-23:17:31.413181 7f1ad14facc0       Options.enable_blob_garbage_collection: false
2024/09/19-23:17:31.413182 7f1ad14facc0   Options.blob_garbage_collection_age_cutoff: 0.250000
2024/09/19-23:17:31.413236 7f1ad14facc0 [db/column_family.cc:595] --------------- Options for column family [CES]:
2024/09/19-23:17:31.413238 7f1ad14facc0               Options.comparator: leveldb.BytewiseComparator
2024/09/19-23:17:31.413239 7f1ad14facc0           Options.merge_operator: None
2024/09/19-23:17:31.413240 7f1ad14facc0        Options.compaction_filter: filter_outdated
2024/09/19-23:17:31.413241 7f1ad14facc0        Options.compaction_filter_factory: None
2024/09/19-23:17:31.413242 7f1ad14facc0  Options.sst_partitioner_factory: None
2024/09/19-23:17:31.413243 7f1ad14facc0         Options.memtable_factory: SkipListFactory
2024/09/19-23:17:31.413244 7f1ad14facc0            Options.table_factory: BlockBasedTable
2024/09/19-23:17:31.413257 7f1ad14facc0            table_factory options:   flush_block_policy_factory: FlushBlockBySizePolicyFactory (0x562038af1f80)
  cache_index_and_filter_blocks: 0
  cache_index_and_filter_blocks_with_high_priority: 1
  pin_l0_filter_and_index_blocks_in_cache: 0
  pin_top_level_index_and_filter: 1
  index_type: 0
  data_block_index_type: 0
  index_shortening: 1
  data_block_hash_table_util_ratio: 0.750000
  hash_index_allow_collision: 1
  checksum: 1
  no_block_cache: 0
  block_cache: 0x562038c05980
  block_cache_name: LRUCache
  block_cache_options:
    capacity : 8388608
    num_shard_bits : 4
    strict_capacity_limit : 0
    memory_allocator : None
    high_pri_pool_ratio: 0.000
  block_cache_compressed: (nil)
  persistent_cache: (nil)
  block_size: 4096
  block_size_deviation: 10
  block_restart_interval: 16
  index_block_restart_interval: 1
  metadata_block_size: 4096
  partition_filters: 0
  use_delta_encoding: 1
  filter_policy: nullptr
  whole_key_filtering: 1
  verify_compression: 0
  read_amp_bytes_per_bit: 0
  format_version: 4
  enable_index_compression: 1
  block_align: 0
2024/09/19-23:17:31.413264 7f1ad14facc0        Options.write_buffer_size: 67108864
2024/09/19-23:17:31.413265 7f1ad14facc0  Options.max_write_buffer_number: 2
2024/09/19-23:17:31.413266 7f1ad14facc0          Options.compression: NoCompression
2024/09/19-23:17:31.413268 7f1ad14facc0                  Options.bottommost_compression: Disabled
2024/09/19-23:17:31.413269 7f1ad14facc0       Options.prefix_extractor: nullptr
2024/09/19-23:17:31.413270 7f1ad14facc0   Options.memtable_insert_with_hint_prefix_extractor: nullptr
2024/09/19-23:17:31.413271 7f1ad14facc0             Options.num_levels: 7
2024/09/19-23:17:31.413272 7f1ad14facc0        Options.min_write_buffer_number_to_merge: 1
2024/09/19-23:17:31.413273 7f1ad14facc0     Options.max_write_buffer_number_to_maintain: 0
2024/09/19-23:17:31.413274 7f1ad14facc0     Options.max_write_buffer_size_to_maintain: 0
2024/09/19-23:17:31.413275 7f1ad14facc0            Options.bottommost_compression_opts.window_bits: -14
2024/09/19-23:17:31.413276 7f1ad14facc0                  Options.bottommost_compression_opts.level: 32767
2024/09/19-23:17:31.413277 7f1ad14facc0               Options.bottommost_compression_opts.strategy: 0
2024/09/19-23:17:31.413278 7f1ad14facc0         Options.bottommost_compression_opts.max_dict_bytes: 0
2024/09/19-23:17:31.413280 7f1ad14facc0         Options.bottommost_compression_opts.zstd_max_train_bytes: 0
2024/09/19-23:17:31.413281 7f1ad14facc0         Options.bottommost_compression_opts.parallel_threads: 1
2024/09/19-23:17:31.413282 7f1ad14facc0                  Options.bottommost_compression_opts.enabled: false
2024/09/19-23:17:31.413283 7f1ad14facc0            Options.compression_opts.window_bits: -14
2024/09/19-23:17:31.413284 7f1ad14facc0                  Options.compression_opts.level: 32767
2024/09/19-23:17:31.413285 7f1ad14facc0               Options.compression_opts.strategy: 0
2024/09/19-23:17:31.413286 7f1ad14facc0         Options.compression_opts.max_dict_bytes: 0
2024/09/19-23:17:31.413287 7f1ad14facc0         Options.compression_opts.zstd_max_train_bytes: 0
2024/09/19-23:17:31.413288 7f1ad14facc0         Options.compression_opts.parallel_threads: 1
2024/09/19-23:17:31.413289 7f1ad14facc0                  Options.compression_opts.enabled: false
2024/09/19-23:17:31.413290 7f1ad14facc0      Options.level0_file_num_compaction_trigger: 4
2024/09/19-23:17:31.413291 7f1ad14facc0          Options.level0_slowdown_writes_trigger: 20
2024/09/19-23:17:31.413293 7f1ad14facc0              Options.level0_stop_writes_trigger: 36
2024/09/19-23:17:31.413294 7f1ad14facc0                   Options.target_file_size_base: 67108864
2024/09/19-23:17:31.413295 7f1ad14facc0             Options.target_file_size_multiplier: 1
2024/09/19-23:17:31.413296 7f1ad14facc0                Options.max_bytes_for_level_base: 268435456
2024/09/19-23:17:31.413297 7f1ad14facc0 Options.level_compaction_dynamic_level_bytes: 0
2024/09/19-23:17:31.413298 7f1ad14facc0          Options.max_bytes_for_level_multiplier: 10.000000
2024/09/19-23:17:31.413300 7f1ad14facc0 Options.max_bytes_for_level_multiplier_addtl[0]: 1
2024/09/19-23:17:31.413301 7f1ad14facc0 Options.max_bytes_for_level_multiplier_addtl[1]: 1
2024/09/19-23:17:31.413302 7f1ad14facc0 Options.max_bytes_for_level_multiplier_addtl[2]: 1
2024/09/19-23:17:31.413304 7f1ad14facc0 Options.max_bytes_for_level_multiplier_addtl[3]: 1
2024/09/19-23:17:31.413305 7f1ad14facc0 Options.max_bytes_for_level_multiplier_addtl[4]: 1
2024/09/19-23:17:31.413306 7f1ad14facc0 Options.max_bytes_for_level_multiplier_addtl[5]: 1
2024/09/19-23:17:31.413311 7f1ad14facc0 Options.max_bytes_for_level_multiplier_addtl[6]: 1
2024/09/19-23:17:31.413312 7f1ad14facc0       Options.max_sequential_skip_in_iterations: 8
2024/09/19-23:17:31.413313 7f1ad14facc0                    Options.max_compaction_bytes: 1677721600
2024/09/19-23:17:31.413315 7f1ad14facc0                        Options.arena_block_size: 8388608
2024/09/19-23:17:31.413316 7f1ad14facc0   Options.soft_pending_compaction_bytes_limit: 68719476736
2024/09/19-23:17:31.413317 7f1ad14facc0   Options.hard_pending_compaction_bytes_limit: 274877906944
2024/09/19-23:17:31.413318 7f1ad14facc0       Options.rate_limit_delay_max_milliseconds: 100
2024/09/19-23:17:31.413319 7f1ad14facc0                Options.disable_auto_compactions: 1
2024/09/19-23:17:31.413320 7f1ad14facc0                        Options.compaction_style: kCompactionStyleLevel
2024/09/19-23:17:31.413322 7f1ad14facc0                          Options.compaction_pri: kMinOverlappingRatio
2024/09/19-23:17:31.413323 7f1ad14facc0 Options.compaction_options_universal.size_ratio: 1
2024/09/19-23:17:31.413324 7f1ad14facc0 Options.compaction_options_universal.min_merge_width: 2
2024/09/19-23:17:31.413325 7f1ad14facc0 Options.compaction_options_universal.max_merge_width: 4294967295
2024/09/19-23:17:31.413326 7f1ad14facc0 Options.compaction_options_universal.max_size_amplification_percent: 200
2024/09/19-23:17:31.413327 7f1ad14facc0 Options.compaction_options_universal.compression_size_percent: -1
2024/09/19-23:17:31.413328 7f1ad14facc0 Options.compaction_options_universal.stop_style: kCompactionStopStyleTotalSize
2024/09/19-23:17:31.413330 7f1ad14facc0 Options.compaction_options_fifo.max_table_files_size: 1073741824
2024/09/19-23:17:31.413331 7f1ad14facc0 Options.compaction_options_fifo.allow_compaction: 0
2024/09/19-23:17:31.413332 7f1ad14facc0                   Options.table_properties_collectors: 
2024/09/19-23:17:31.413333 7f1ad14facc0                   Options.inplace_update_support: 0
2024/09/19-23:17:31.413334 7f1ad14facc0                 Options.inplace_update_num_locks: 10000
2024/09/19-23:17:31.413336 7f1ad14facc0               Options.memtable_prefix_bloom_size_ratio: 0.000000
2024/09/19-23:17:31.413337 7f1ad14facc0               Options.memtable_whole_key_filtering: 0
2024/09/19-23:17:31.413338 7f1ad14facc0   Options.memtable_huge_page_size: 0
2024/09/19-23:17:31.413339 7f1ad14facc0                           Options.bloom_locality: 0
2024/09/19-23:17:31.413340 7f1ad14facc0                    Options.max_successive_merges: 0
2024/09/19-23:17:31.413342 7f1ad14facc0                Options.optimize_filters_for_hits: 0
2024/09/19-23:17:31.413343 7f1ad14facc0                Options.paranoid_file_checks: 0
2024/09/19-23:17:31.413344 7f1ad14facc0                Options.force_consistency_checks: 1
2024/09/19-23:17:31.413345 7f1ad14facc0                Options.report_bg_io_stats: 0
2024/09/19-23:17:31.413346 7f1ad14facc0                               Options.ttl: 2592000
2024/09/19-23:17:31.413347 7f1ad14facc0          Options.periodic_compaction_seconds: 2592000
2024/09/19-23:17:31.413349 7f1ad14facc0                    Options.enable_blob_files: false
2024/09/19-23:17:31.413350 7f1ad14facc0                        Options.min_blob_size: 0
2024/09/19-23:17:31.413351 7f1ad14facc0                       Options.blob_file_size: 268435456
2024/09/19-23:17:31.413352 7f1ad14facc0                Options.blob_compression_type: NoCompression
2024/09/19-23:17:31.413353 7f1ad14facc0       Options.enable_blob_garbage_collection: false
2024/09/19-23:17:31.413354 7f1ad14facc0   Options.blob_garbage_collection_age_cutoff: 0.250000
2024/09/19-23:17:31.419078 7f1ad14facc0 [db/version_set.cc:4798] Recovered from manifest file:/home/humaid/ic-projects/opend/.dfx/state/replicated_state/node-100/ic_consensus_pool/certification/MANIFEST-000238 succeeded,manifest_file_number is 238, next_file_number is 251, last_sequence is 233604, log_number is 247,prev_log_number is 0,max_column_family is 2,min_log_number_to_keep is 0
2024/09/19-23:17:31.419116 7f1ad14facc0 [db/version_set.cc:4813] Column family [default] (ID 0), log number is 232
2024/09/19-23:17:31.419119 7f1ad14facc0 [db/version_set.cc:4813] Column family [CE] (ID 1), log number is 244
2024/09/19-23:17:31.419121 7f1ad14facc0 [db/version_set.cc:4813] Column family [CES] (ID 2), log number is 247
2024/09/19-23:17:31.419627 7f1ad14facc0 [db/version_set.cc:4112] Creating manifest 251
2024/09/19-23:17:31.444217 7f1ad14facc0 EVENT_LOG_v1 {"time_micros": 1726768051444210, "job": 1, "event": "recovery_started", "wal_files": [244, 247]}
2024/09/19-23:17:31.444228 7f1ad14facc0 [db/db_impl/db_impl_open.cc:847] Recovering log #244 mode 2
2024/09/19-23:17:31.444683 7f1ad14facc0 [db/db_impl/db_impl_open.cc:847] Recovering log #247 mode 2
2024/09/19-23:17:31.468984 7f1ad14facc0 EVENT_LOG_v1 {"time_micros": 1726768051468959, "cf_name": "CE", "job": 1, "event": "table_file_creation", "file_number": 252, "file_size": 872310, "file_checksum": "", "file_checksum_func_name": "Unknown", "table_properties": {"data_size": 867361, "index_size": 4101, "index_partitions": 0, "top_level_index_size": 0, "index_key_is_user_key": 1, "index_value_is_delta_encoded": 1, "filter_size": 0, "raw_key_size": 204528, "raw_average_key_size": 48, "raw_value_size": 668977, "raw_average_value_size": 157, "num_data_blocks": 214, "num_entries": 4261, "num_deletions": 0, "num_merge_operands": 0, "num_range_deletions": 0, "format_version": 0, "fixed_key_len": 0, "filter_policy": "", "column_family_name": "CE", "column_family_id": 1, "comparator": "leveldb.BytewiseComparator", "merge_operator": "nullptr", "prefix_extractor_name": "nullptr", "property_collectors": "[]", "compression": "NoCompression", "compression_options": "window_bits=-14; level=32767; strategy=0; max_dict_bytes=0; zstd_max_train_bytes=0; enabled=0; ", "creation_time": 1726768051, "oldest_key_time": 0, "file_creation_time": 0, "db_id": "d6a927c5-abdd-444c-8b79-9fd0853908e7", "db_session_id": "G2TK62EAT8HE5JNX767V"}}
